-4.93333   -0.00458159
-4.86667   -0.00484329
-4.8   -0.00511755
-4.73333   -0.00540468
-4.66667   -0.00570491
-4.6   -0.00601844
-4.53333   -0.00634541
-4.46667   -0.00668588
-4.4   -0.00703983
-4.33333   -0.00740716
-4.26667   -0.00778764
-4.2   -0.00818093
-4.13333   -0.00858655
-4.06667   -0.00900385
-4   -0.00943202
-3.93333   -0.00987003
-3.86667   -0.0103167
-3.8   -0.0107705
-3.73333   -0.0112298
-3.66667   -0.0116925
-3.6   -0.0121564
-3.53333   -0.012619
-3.46667   -0.0130773
-3.4   -0.0135282
-3.33333   -0.0139681
-3.26667   -0.0143932
-3.2   -0.0147994
-3.13333   -0.0151823
-3.06667   -0.0155373
-3   -0.0158596
-2.93333   -0.0161443
-2.86667   -0.0163866
-2.8   -0.0165817
-2.73333   -0.0167251
-2.66667   -0.0168125
-2.6   -0.0168405
-2.53333   -0.0168063
-2.46667   -0.016708
-2.4   -0.016545
-2.33333   -0.0163179
-2.26667   -0.0160293
-2.2   -0.0156833
-2.13333   -0.015286
-2.06667   -0.0148458
-2   -0.014373
-1.93333   -0.0138801
-1.86667   -0.0133816
-1.8   -0.0128936
-1.73333   -0.0124336
-1.66667   -0.0120199
-1.6   -0.0116709
-1.53333   -0.0114045
-1.46667   -0.011237
-1.4   -0.0111825
-1.33333   -0.0112519
-1.26667   -0.0114522
-1.2   -0.0117858
-1.13333   -0.0122501
-1.06667   -0.0128378
-1   -0.0135363
-0.933333   -0.0143292
-0.866667   -0.0151961
-0.8   -0.0161142
-0.733333   -0.0170594
-0.666667   -0.0180071
-0.6   -0.0189335
-0.533333   -0.0198164
-0.466667   -0.0206364
-0.4   -0.021377
-0.333333   -0.022025
-0.266667   -0.0225709
-0.2   -0.0230086
-0.133333   -0.0233351
-0.0666667   -0.0235505
2.02616e-15   -0.0236571
0.0666667   -0.0236595
0.133333   -0.0235638
0.2   -0.0233772
0.266667   -0.0231077
0.333333   -0.0227638
0.4   -0.0223543
0.466667   -0.0218875
0.533333   -0.021372
0.6   -0.0208156
0.666667   -0.0202258
0.733333   -0.0196096
0.8   -0.0189734
0.866667   -0.0183229
0.933333   -0.0176634
1   -0.0169996
1.06667   -0.0163355
1.13333   -0.0156748
1.2   -0.0150206
1.26667   -0.0143758
1.33333   -0.0137424
1.4   -0.0131227
1.46667   -0.0125181
1.53333   -0.0119299
1.6   -0.0113593
1.66667   -0.010807
1.73333   -0.0102736
1.8   -0.00975962
1.86667   -0.00926515
1.93333   -0.00879033
2   -0.00833512
2.06667   -0.00789934
2.13333   -0.00748276
2.2   -0.00708503
2.26667   -0.00670575
2.33333   -0.00634446
2.4   -0.00600065
2.46667   -0.00567379
2.53333   -0.00536329
2.6   -0.00506858
2.66667   -0.00478906
2.73333   -0.0045241
2.8   -0.00427311
2.86667   -0.00403547
2.93333   -0.00381059
3   -0.00359787
3.06667   -0.00339673
3.13333   -0.00320661
3.2   -0.00302697
3.26667   -0.00285726
3.33333   -0.00269698
3.4   -0.00254564
3.46667   -0.00240277
3.53333   -0.0022679
3.6   -0.00214061
3.66667   -0.00202049
3.73333   -0.00190714
3.8   -0.00180019
3.86667   -0.00169927
3.93333   -0.00160406
4   -0.00151423
4.06667   -0.00142948
4.13333   -0.00134953
4.2   -0.00127409
4.26667   -0.00120292
4.33333   -0.00113577
4.4   -0.00107241
4.46667   -0.00101262
4.53333   -0.000956212
4.6   -0.00090298
4.66667   -0.000852747
4.73333   -0.000805341
4.8   -0.0007606
4.86667   -0.000718373
4.93333   -0.000678517
5   -0.000640896
