-4.93333   -1.94449e-06
-4.86667   -2.27344e-06
-4.8   -2.65783e-06
-4.73333   -3.10695e-06
-4.66667   -3.6317e-06
-4.6   -4.24479e-06
-4.53333   -4.96101e-06
-4.46667   -5.7977e-06
-4.4   -6.77506e-06
-4.33333   -7.91675e-06
-4.26667   -9.25031e-06
-4.2   -1.08079e-05
-4.13333   -1.26272e-05
-4.06667   -1.47521e-05
-4   -1.72338e-05
-3.93333   -2.01324e-05
-3.86667   -2.35177e-05
-3.8   -2.74714e-05
-3.73333   -3.2089e-05
-3.66667   -3.7482e-05
-3.6   -4.37805e-05
-3.53333   -5.11368e-05
-3.46667   -5.97284e-05
-3.4   -6.97629e-05
-3.33333   -8.14828e-05
-3.26667   -9.51711e-05
-3.2   -0.000111159
-3.13333   -0.000129832
-3.06667   -0.000151641
-3   -0.000177114
-2.93333   -0.000206865
-2.86667   -0.000241612
-2.8   -0.000282191
-2.73333   -0.000329581
-2.66667   -0.000384919
-2.6   -0.000449532
-2.53333   -0.000524966
-2.46667   -0.000613019
-2.4   -0.00071578
-2.33333   -0.000835676
-2.26667   -0.000975521
-2.2   -0.00113857
-2.13333   -0.00132859
-2.06667   -0.00154991
-2   -0.00180751
-1.93333   -0.00210709
-1.86667   -0.00245515
-1.8   -0.00285906
-1.73333   -0.00332711
-1.66667   -0.0038686
-1.6   -0.0044938
-1.53333   -0.00521398
-1.46667   -0.00604125
-1.4   -0.00698848
-1.33333   -0.00806892
-1.26667   -0.00929579
-1.2   -0.0106817
-1.13333   -0.0122376
-1.06667   -0.013972
-1   -0.0158894
-0.933333   -0.0179887
-0.866667   -0.0202617
-0.8   -0.0226911
-0.733333   -0.0252489
-0.666667   -0.0278955
-0.6   -0.0305791
-0.533333   -0.0332366
-0.466667   -0.0357954
-0.4   -0.0381772
-0.333333   -0.0403026
-0.266667   -0.0420968
-0.2   -0.0434954
-0.133333   -0.0444495
-0.0666667   -0.0449295
2.02616e-15   -0.0449266
0.0666667   -0.0444521
0.133333   -0.0435357
0.2   -0.0422206
0.266667   -0.0405603
0.333333   -0.0386136
0.4   -0.0364412
0.466667   -0.034103
0.533333   -0.031656
0.6   -0.0291533
0.666667   -0.0266427
0.733333   -0.0241668
0.8   -0.0217622
0.866667   -0.0194594
0.933333   -0.0172826
1   -0.0152498
1.06667   -0.0133729
1.13333   -0.0116584
1.2   -0.0101075
1.26667   -0.00871768
1.33333   -0.00748281
1.4   -0.00639429
1.46667   -0.00544179
1.53333   -0.0046139
1.6   -0.00389877
1.66667   -0.0032845
1.73333   -0.00275959
1.8   -0.00231312
1.86667   -0.00193495
1.93333   -0.00161584
2   -0.00134745
2.06667   -0.00112237
2.13333   -0.000934095
2.2   -0.000776933
2.26667   -0.000645976
2.33333   -0.000537011
2.4   -0.000446444
2.46667   -0.00037123
2.53333   -0.000308801
2.6   -0.000256997
2.66667   -0.000214015
2.73333   -0.000178346
2.8   -0.000148737
2.86667   -0.000124147
2.93333   -0.000103714
3   -8.67226e-05
3.06667   -7.25822e-05
3.13333   -6.08043e-05
3.2   -5.09852e-05
3.26667   -4.27913e-05
3.33333   -3.5947e-05
3.4   -3.02242e-05
3.46667   -2.54344e-05
3.53333   -2.14216e-05
3.6   -1.80563e-05
3.66667   -1.52314e-05
3.73333   -1.28579e-05
3.8   -1.08619e-05
3.86667   -9.18181e-06
3.93333   -7.76644e-06
4   -6.57316e-06
4.06667   -5.56633e-06
4.13333   -4.71618e-06
4.2   -3.99786e-06
4.26667   -3.39049e-06
4.33333   -2.87665e-06
4.4   -2.44168e-06
4.46667   -2.07323e-06
4.53333   -1.76102e-06
4.6   -1.49629e-06
4.66667   -1.27176e-06
4.73333   -1.08124e-06
4.8   -9.19465e-07
4.86667   -7.82108e-07
4.93333   -6.65401e-07
5   -5.66258e-07
