-4.93333   -2.22045e-06
-4.86667   -4.44089e-06
-4.8   -9.99201e-06
-4.73333   -7.77156e-06
-4.66667   -5.55112e-06
-4.6   -1.11022e-05
-4.53333   -7.77156e-06
-4.46667   -1.55431e-05
-4.4   -1.44329e-05
-4.33333   -1.88738e-05
-4.26667   -1.66533e-05
-4.2   -2.33147e-05
-4.13333   -2.55351e-05
-4.06667   -2.66454e-05
-4   -3.10862e-05
-3.93333   -4.21885e-05
-3.86667   -4.55191e-05
-3.8   -5.55112e-05
-3.73333   -6.43929e-05
-3.66667   -6.99441e-05
-3.6   -8.54872e-05
-3.53333   -9.88098e-05
-3.46667   -0.000111022
-3.4   -0.000129896
-3.33333   -0.00014988
-3.26667   -0.000170974
-3.2   -0.00019873
-3.13333   -0.000230926
-3.06667   -0.000269784
-3   -0.000313083
-2.93333   -0.000360822
-2.86667   -0.000415223
-2.8   -0.000479616
-2.73333   -0.000555112
-2.66667   -0.000643929
-2.6   -0.000741629
-2.53333   -0.000854872
-2.46667   -0.000988098
-2.4   -0.00113687
-2.33333   -0.00130784
-2.26667   -0.00150213
-2.2   -0.00172529
-2.13333   -0.00197398
-2.06667   -0.00225042
-2   -0.00255573
-1.93333   -0.00289546
-1.86667   -0.00325073
-1.8   -0.00363154
-1.73333   -0.00401901
-1.66667   -0.00439648
-1.6   -0.00475175
-1.53333   -0.00504152
-1.46667   -0.00523137
-1.4   -0.0052891
-1.33333   -0.00515255
-1.26667   -0.00479838
-1.2   -0.00418443
-1.13333   -0.00330735
-1.06667   -0.00219047
-1   -0.000889289
-0.933333   0.000509592
-0.866667   0.00188849
-0.8   0.00314304
-0.733333   0.00416778
-0.666667   0.00491274
-0.6   0.00533906
-0.533333   0.00546452
-0.466667   0.00533129
-0.4   0.00500155
-0.333333   0.00452749
-0.266667   0.00396683
-0.2   0.0033662
-0.133333   0.00275557
-0.0666667   0.00215494
2.02616e-15   0.00156986
0.0666667   0.00101585
0.133333   0.000486278
0.2   -1.9984e-05
0.266667   -0.000500711
0.333333   -0.000963674
0.4   -0.00140332
0.466667   -0.00182188
0.533333   -0.00222822
0.6   -0.00259681
0.666667   -0.00292433
0.733333   -0.00321299
0.8   -0.00344946
0.866667   -0.00362266
0.933333   -0.00374922
1   -0.00382361
1.06667   -0.00386247
1.13333   -0.00387912
1.2   -0.00388911
1.26667   -0.00390021
1.33333   -0.00392575
1.4   -0.00396683
1.46667   -0.00401235
1.53333   -0.00405898
1.6   -0.00409339
1.66667   -0.00408895
1.73333   -0.00403788
1.8   -0.00392686
1.86667   -0.0037359
1.93333   -0.00345834
2   -0.00309308
2.06667   -0.00263345
2.13333   -0.0020961
2.2   -0.00148992
2.26667   -0.000830447
2.33333   -0.000139888
2.4   0.000562883
2.46667   0.00125677
2.53333   0.0019218
2.6   0.00253575
2.66667   0.00308975
2.73333   0.00357492
2.8   0.00397793
2.86667   0.00429767
2.93333   0.00453415
3   0.00469624
3.06667   0.00478839
3.13333   0.00481504
3.2   0.00478506
3.26667   0.00470513
3.33333   0.00458855
3.4   0.00444311
3.46667   0.00426437
3.53333   0.0040723
3.6   0.0038658
3.66667   0.00365596
3.73333   0.00344502
3.8   0.00322853
3.86667   0.00301426
3.93333   0.00281108
4   0.00261458
4.06667   0.00242473
4.13333   0.00224376
4.2   0.00207279
4.26667   0.00191069
4.33333   0.00175748
4.4   0.00161982
4.46667   0.00148881
4.53333   0.00136557
4.6   0.00125122
4.66667   0.00114242
4.73333   0.00104694
4.8   0.000955902
4.86667   0.000873746
4.93333   0.00079825
5   0.000729417
