-4.93333   6.59288e-07
-4.86667   7.06003e-07
-4.8   7.56192e-07
-4.73333   8.10137e-07
-4.66667   8.68148e-07
-4.6   9.30566e-07
-4.53333   9.97761e-07
-4.46667   1.07014e-06
-4.4   1.14816e-06
-4.33333   1.23232e-06
-4.26667   1.32315e-06
-4.2   1.42127e-06
-4.13333   1.52735e-06
-4.06667   1.64213e-06
-4   1.76643e-06
-3.93333   1.90118e-06
-3.86667   2.04739e-06
-3.8   2.20622e-06
-3.73333   2.37893e-06
-3.66667   2.56697e-06
-3.6   2.77192e-06
-3.53333   2.99558e-06
-3.46667   3.23998e-06
-3.4   3.5074e-06
-3.33333   3.80038e-06
-3.26667   4.12183e-06
-3.2   4.47501e-06
-3.13333   4.86359e-06
-3.06667   5.29175e-06
-3   5.76422e-06
-2.93333   6.28633e-06
-2.86667   6.86414e-06
-2.8   7.50452e-06
-2.73333   8.21526e-06
-2.66667   9.0052e-06
-2.6   9.88435e-06
-2.53333   1.08641e-05
-2.46667   1.19574e-05
-2.4   1.31788e-05
-2.33333   1.45451e-05
-2.26667   1.60751e-05
-2.2   1.77903e-05
-2.13333   1.97153e-05
-2.06667   2.18778e-05
-2   2.43098e-05
-1.93333   2.70474e-05
-1.86667   3.01327e-05
-1.8   3.36137e-05
-1.73333   3.75463e-05
-1.66667   4.1996e-05
-1.6   4.70397e-05
-1.53333   5.27692e-05
-1.46667   5.92949e-05
-1.4   6.67514e-05
-1.33333   7.53048e-05
-1.26667   8.51625e-05
-1.2   9.65859e-05
-1.13333   0.000109907
-1.06667   0.000125549
-1   0.00014405
-0.933333   0.000166092
-0.866667   0.000192525
-0.8   0.000224388
-0.733333   0.000262913
-0.666667   0.000309506
-0.6   0.000365691
-0.533333   0.000433011
-0.466667   0.000512897
-0.4   0.000606512
-0.333333   0.000714613
-0.266667   0.000837464
-0.2   0.000974815
-0.133333   0.00112597
-0.0666667   0.00128991
2.02616e-15   0.00146545
0.0666667   0.00165139
0.133333   0.00184662
0.2   0.00205021
0.266667   0.00226142
0.333333   0.00247969
0.4   0.00270463
0.466667   0.00293596
0.533333   0.00317349
0.6   0.00341702
0.666667   0.00366638
0.733333   0.0039213
0.8   0.00418145
0.866667   0.0044464
0.933333   0.0047156
1   0.00498837
1.06667   0.0052639
1.13333   0.00554127
1.2   0.00581942
1.26667   0.00609721
1.33333   0.00637338
1.4   0.00664661
1.46667   0.0069155
1.53333   0.00717858
1.6   0.00743436
1.66667   0.00768134
1.73333   0.00791798
1.8   0.0081428
1.86667   0.00835432
1.93333   0.00855112
2   0.00873185
2.06667   0.00889527
2.13333   0.00904023
2.2   0.00916572
2.26667   0.00927085
2.33333   0.00935493
2.4   0.00941739
2.46667   0.00945789
2.53333   0.00947624
2.6   0.00947245
2.66667   0.00944672
2.73333   0.00939943
2.8   0.00933115
2.86667   0.0092426
2.93333   0.00913467
3   0.00900838
3.06667   0.00886487
3.13333   0.0087054
3.2   0.00853129
3.26667   0.00834395
3.33333   0.0081448
3.4   0.00793531
3.46667   0.00771694
3.53333   0.00749115
3.6   0.00725935
3.66667   0.00702294
3.73333   0.00678322
3.8   0.00654146
3.86667   0.00629884
3.93333   0.00605646
4   0.00581532
4.06667   0.00557637
4.13333   0.00534042
4.2   0.00510823
4.26667   0.00488045
4.33333   0.00465765
4.4   0.00444032
4.46667   0.00422886
4.53333   0.00402361
4.6   0.00382484
4.66667   0.00363273
4.73333   0.00344744
4.8   0.00326905
4.86667   0.00309761
4.93333   0.0029331
5   0.0027755
