-4.93333   -0.0362807
-4.86667   -0.0361103
-4.8   -0.0359151
-4.73333   -0.0356956
-4.66667   -0.0354523
-4.6   -0.0351855
-4.53333   -0.0348959
-4.46667   -0.034584
-4.4   -0.0342503
-4.33333   -0.0338957
-4.26667   -0.0335206
-4.2   -0.0331258
-4.13333   -0.0327119
-4.06667   -0.0322798
-4   -0.0318301
-3.93333   -0.0313635
-3.86667   -0.0308807
-3.8   -0.0303825
-3.73333   -0.0298696
-3.66667   -0.0293426
-3.6   -0.0288021
-3.53333   -0.028249
-3.46667   -0.0276837
-3.4   -0.0271069
-3.33333   -0.0265193
-3.26667   -0.0259212
-3.2   -0.0253134
-3.13333   -0.0246963
-3.06667   -0.0240705
-3   -0.0234365
-2.93333   -0.0227948
-2.86667   -0.0221462
-2.8   -0.0214912
-2.73333   -0.0208304
-2.66667   -0.0201648
-2.6   -0.0194953
-2.53333   -0.0188228
-2.46667   -0.0181488
-2.4   -0.0174748
-2.33333   -0.0168026
-2.26667   -0.0161346
-2.2   -0.0154735
-2.13333   -0.0148225
-2.06667   -0.0141855
-2   -0.0135673
-1.93333   -0.0129732
-1.86667   -0.0124098
-1.8   -0.0118845
-1.73333   -0.0114058
-1.66667   -0.0109834
-1.6   -0.010628
-1.53333   -0.0103512
-1.46667   -0.0101653
-1.4   -0.0100828
-1.33333   -0.0101159
-1.26667   -0.010275
-1.2   -0.0105677
-1.13333   -0.010997
-1.06667   -0.0115588
-1   -0.0122391
-0.933333   -0.0130107
-0.866667   -0.0138299
-0.8   -0.0146326
-0.733333   -0.0153319
-0.666667   -0.0158155
-0.6   -0.0159459
-0.533333   -0.0155627
-0.466667   -0.0144882
-0.4   -0.0125355
-0.333333   -0.00952071
-0.266667   -0.0052764
-0.2   0.000334371
-0.133333   0.00740482
-0.0666667   0.0159742
2.02616e-15   0.0260216
0.0666667   0.0374637
0.133333   0.0501573
0.2   0.0639049
0.266667   0.078462
0.333333   0.0935479
0.4   0.108856
0.466667   0.124068
0.533333   0.138864
0.6   0.152943
0.666667   0.166031
0.733333   0.177898
0.8   0.188362
0.866667   0.1973
0.933333   0.204642
1   0.210372
1.06667   0.214513
1.13333   0.217125
1.2   0.218292
1.26667   0.218112
1.33333   0.216692
1.4   0.214142
1.46667   0.210574
1.53333   0.206097
1.6   0.200822
1.66667   0.194856
1.73333   0.188304
1.8   0.181272
1.86667   0.17386
1.93333   0.166167
2   0.158285
2.06667   0.150303
2.13333   0.142302
2.2   0.134352
2.26667   0.12652
2.33333   0.118859
2.4   0.111415
2.46667   0.104226
2.53333   0.0973208
2.6   0.0907199
2.66667   0.0844377
2.73333   0.0784822
2.8   0.0728563
2.86667   0.0675584
2.93333   0.0625832
3   0.0579228
3.06667   0.0535667
3.13333   0.0495031
3.2   0.0457188
3.26667   0.0421999
3.33333   0.0389323
3.4   0.0359015
3.46667   0.0330934
3.53333   0.0304938
3.6   0.0280892
3.66667   0.0258666
3.73333   0.0238135
3.8   0.0219178
3.86667   0.0201685
3.93333   0.0185548
4   0.0170669
4.06667   0.0156953
4.13333   0.0144313
4.2   0.0132668
4.26667   0.0121942
4.33333   0.0112064
4.4   0.0102969
4.46667   0.00945973
4.53333   0.00868915
4.6   0.00797999
4.66667   0.00732745
4.73333   0.0067271
4.8   0.00617481
4.86667   0.00566681
4.93333   0.00519959
5   0.00476994
