-4.93333   0.9787
-4.86667   0.978696
-4.8   0.978692
-4.73333   0.978688
-4.66667   0.978683
-4.6   0.978678
-4.53333   0.978673
-4.46667   0.978667
-4.4   0.97866
-4.33333   0.978653
-4.26667   0.978645
-4.2   0.978637
-4.13333   0.978628
-4.06667   0.978618
-4   0.978608
-3.93333   0.978596
-3.86667   0.978584
-3.8   0.97857
-3.73333   0.978556
-3.66667   0.97854
-3.6   0.978523
-3.53333   0.978504
-3.46667   0.978484
-3.4   0.978462
-3.33333   0.978438
-3.26667   0.978413
-3.2   0.978385
-3.13333   0.978355
-3.06667   0.978322
-3   0.978287
-2.93333   0.978249
-2.86667   0.978208
-2.8   0.978163
-2.73333   0.978115
-2.66667   0.978063
-2.6   0.978007
-2.53333   0.977946
-2.46667   0.97788
-2.4   0.97781
-2.33333   0.977733
-2.26667   0.977651
-2.2   0.977563
-2.13333   0.977468
-2.06667   0.977366
-2   0.977257
-1.93333   0.97714
-1.86667   0.977014
-1.8   0.976879
-1.73333   0.976735
-1.66667   0.976581
-1.6   0.976416
-1.53333   0.976238
-1.46667   0.976049
-1.4   0.975844
-1.33333   0.975624
-1.26667   0.975385
-1.2   0.975125
-1.13333   0.974841
-1.06667   0.974526
-1   0.974175
-0.933333   0.97378
-0.866667   0.973331
-0.8   0.972818
-0.733333   0.972227
-0.666667   0.971544
-0.6   0.970755
-0.533333   0.969846
-0.466667   0.968807
-0.4   0.967629
-0.333333   0.966308
-0.266667   0.964847
-0.2   0.963252
-0.133333   0.961533
-0.0666667   0.959705
2.02616e-15   0.957783
0.0666667   0.955784
0.133333   0.953722
0.2   0.951615
0.266667   0.949475
0.333333   0.947316
0.4   0.945151
0.466667   0.942989
0.533333   0.94084
0.6   0.938715
0.666667   0.936622
0.733333   0.934567
0.8   0.932556
0.866667   0.930597
0.933333   0.928691
1   0.926843
1.06667   0.925056
1.13333   0.923329
1.2   0.921665
1.26667   0.920062
1.33333   0.918519
1.4   0.917034
1.46667   0.915606
1.53333   0.914232
1.6   0.91291
1.66667   0.911636
1.73333   0.910407
1.8   0.909221
1.86667   0.908074
1.93333   0.906965
2   0.90589
2.06667   0.904848
2.13333   0.903835
2.2   0.902851
2.26667   0.901893
2.33333   0.900961
2.4   0.900052
2.46667   0.899166
2.53333   0.898303
2.6   0.897461
2.66667   0.89664
2.73333   0.895839
2.8   0.895059
2.86667   0.8943
2.93333   0.89356
3   0.892841
3.06667   0.892142
3.13333   0.891463
3.2   0.890805
3.26667   0.890167
3.33333   0.889549
3.4   0.888952
3.46667   0.888375
3.53333   0.887819
3.6   0.887283
3.66667   0.886767
3.73333   0.886271
3.8   0.885794
3.86667   0.885337
3.93333   0.8849
4   0.884481
4.06667   0.88408
4.13333   0.883698
4.2   0.883333
4.26667   0.882985
4.33333   0.882654
4.4   0.882339
4.46667   0.882039
4.53333   0.881755
4.6   0.881484
4.66667   0.881228
4.73333   0.880986
4.8   0.880756
4.86667   0.880538
4.93333   0.880332
5   0.880138
