-4.93333   0.00236999
-4.86667   0.00274306
-4.8   0.00311079
-4.73333   0.00347239
-4.66667   0.0038271
-4.6   0.0041742
-4.53333   0.00451308
-4.46667   0.00484315
-4.4   0.00516392
-4.33333   0.00547496
-4.26667   0.0057759
-4.2   0.00606647
-4.13333   0.00634646
-4.06667   0.00661573
-4   0.00687422
-3.93333   0.00712193
-3.86667   0.00735894
-3.8   0.00758537
-3.73333   0.00780141
-3.66667   0.00800729
-3.6   0.00820328
-3.53333   0.00838968
-3.46667   0.0085668
-3.4   0.00873495
-3.33333   0.00889444
-3.26667   0.00904552
-3.2   0.00918839
-3.13333   0.00932319
-3.06667   0.00944992
-3   0.00956844
-2.93333   0.0096784
-2.86667   0.00977924
-2.8   0.00987008
-2.73333   0.0099497
-2.66667   0.0100164
-2.6   0.0100681
-2.53333   0.010102
-2.46667   0.0101145
-2.4   0.0101014
-2.33333   0.0100574
-2.26667   0.00997616
-2.2   0.00985009
-2.13333   0.00967032
-2.06667   0.00942653
-2   0.00910689
-1.93333   0.00869808
-1.86667   0.00818535
-1.8   0.00755282
-1.73333   0.00678391
-1.66667   0.00586211
-1.6   0.00477214
-1.53333   0.00350165
-1.46667   0.00204356
-1.4   0.000399284
-1.33333   -0.00141718
-1.26667   -0.00337402
-1.2   -0.00541539
-1.13333   -0.00745427
-1.06667   -0.00936496
-1   -0.0109758
-0.933333   -0.0120638
-0.866667   -0.0123523
-0.8   -0.0115144
-0.733333   -0.0091844
-0.666667   -0.00497935
-0.6   0.00146894
-0.533333   0.0104715
-0.466667   0.0222339
-0.4   0.0368082
-0.333333   0.054054
-0.266667   0.073618
-0.2   0.0949377
-0.133333   0.117272
-0.0666667   0.139754
2.02616e-15   0.161454
0.0666667   0.181446
0.133333   0.198865
0.2   0.212946
0.266667   0.223063
0.333333   0.228745
0.4   0.229702
0.466667   0.225844
0.533333   0.217293
0.6   0.20439
0.666667   0.187678
0.733333   0.167864
0.8   0.145759
0.866667   0.12221
0.933333   0.0980258
1   0.0739203
1.06667   0.0504735
1.13333   0.0281174
1.2   0.00714326
1.26667   -0.0122757
1.33333   -0.0300539
1.4   -0.0461636
1.46667   -0.0606083
1.53333   -0.0734058
1.6   -0.0845775
1.66667   -0.0941461
1.73333   -0.102137
1.8   -0.108583
1.86667   -0.113529
1.93333   -0.117037
2   -0.119184
2.06667   -0.120069
2.13333   -0.119804
2.2   -0.118513
2.26667   -0.116329
2.33333   -0.113389
2.4   -0.109826
2.46667   -0.10577
2.53333   -0.101342
2.6   -0.0966513
2.66667   -0.0917963
2.73333   -0.0868618
2.8   -0.0819202
2.86667   -0.0770315
2.93333   -0.0722441
3   -0.0675962
3.06667   -0.0631165
3.13333   -0.058826
3.2   -0.0547386
3.26667   -0.0508628
3.33333   -0.0472023
3.4   -0.0437569
3.46667   -0.0405239
3.53333   -0.0374978
3.6   -0.0346719
3.66667   -0.032038
3.73333   -0.0295871
3.8   -0.02731
3.86667   -0.0251969
3.93333   -0.0232382
4   -0.0214243
4.06667   -0.019746
4.13333   -0.0181942
4.2   -0.0167603
4.26667   -0.015436
4.33333   -0.0142135
4.4   -0.0130855
4.46667   -0.012045
4.53333   -0.0110856
4.6   -0.0102012
4.66667   -0.00938609
4.73333   -0.00863502
4.8   -0.00794311
4.86667   -0.00730578
4.93333   -0.00671884
5   -0.00617836
