-1    0.776405
-0.995    0.776469
-0.99    0.776532
-0.985    0.776596
-0.98    0.77666
-0.975    0.776724
-0.97    0.776787
-0.965    0.776851
-0.96    0.776915
-0.955    0.776979
-0.95    0.777043
-0.945    0.777108
-0.94    0.777172
-0.935    0.777236
-0.93    0.777301
-0.925    0.777365
-0.92    0.77743
-0.915    0.777495
-0.91    0.777559
-0.905    0.777624
-0.9    0.777689
-0.895    0.777755
-0.89    0.77782
-0.885    0.777885
-0.88    0.777951
-0.875    0.778016
-0.87    0.778082
-0.865    0.778148
-0.86    0.778214
-0.855    0.77828
-0.85    0.778347
-0.845    0.778413
-0.84    0.77848
-0.835    0.778546
-0.83    0.778613
-0.825    0.77868
-0.82    0.778748
-0.815    0.778815
-0.81    0.778883
-0.805    0.778951
-0.8    0.779018
-0.795    0.779087
-0.79    0.779155
-0.785    0.779224
-0.78    0.779292
-0.775    0.779361
-0.77    0.77943
-0.765    0.7795
-0.76    0.779569
-0.755    0.779639
-0.75    0.779709
-0.745    0.779779
-0.74    0.77985
-0.735    0.779921
-0.73    0.779992
-0.725    0.780063
-0.72    0.780134
-0.715    0.780206
-0.71    0.780278
-0.705    0.78035
-0.7    0.780423
-0.695    0.780496
-0.69    0.780569
-0.685    0.780642
-0.68    0.780716
-0.675    0.78079
-0.67    0.780864
-0.665    0.780939
-0.66    0.781014
-0.655    0.781089
-0.65    0.781165
-0.645    0.781241
-0.64    0.781317
-0.635    0.781394
-0.63    0.781471
-0.625    0.781548
-0.62    0.781626
-0.615    0.781704
-0.61    0.781783
-0.605    0.781862
-0.6    0.781941
-0.595    0.782021
-0.59    0.782101
-0.585    0.782182
-0.58    0.782263
-0.575    0.782344
-0.57    0.782426
-0.565    0.782508
-0.56    0.782591
-0.555    0.782674
-0.55    0.782758
-0.545    0.782842
-0.54    0.782927
-0.535    0.783012
-0.53    0.783098
-0.525    0.783184
-0.52    0.783271
-0.515    0.783358
-0.51    0.783446
-0.505    0.783534
-0.5    0.783623
-0.495    0.783712
-0.49    0.783802
-0.485    0.783893
-0.48    0.783984
-0.475    0.784076
-0.47    0.784168
-0.465    0.784261
-0.46    0.784354
-0.455    0.784449
-0.45    0.784543
-0.445    0.784639
-0.44    0.784735
-0.435    0.784832
-0.43    0.784929
-0.425    0.785027
-0.42    0.785126
-0.415    0.785225
-0.41    0.785326
-0.405    0.785427
-0.4    0.785528
-0.395    0.785631
-0.39    0.785734
-0.385    0.785838
-0.38    0.785942
-0.375    0.786048
-0.37    0.786154
-0.365    0.786261
-0.36    0.786369
-0.355    0.786477
-0.35    0.786587
-0.345    0.786697
-0.34    0.786808
-0.335    0.78692
-0.33    0.787033
-0.325    0.787147
-0.32    0.787262
-0.315    0.787377
-0.31    0.787494
-0.305    0.787611
-0.3    0.78773
-0.295    0.787849
-0.29    0.787969
-0.285    0.78809
-0.28    0.788213
-0.275    0.788336
-0.27    0.78846
-0.265    0.788585
-0.26    0.788711
-0.255    0.788839
-0.25    0.788967
-0.245    0.789096
-0.24    0.789227
-0.235    0.789358
-0.23    0.789491
-0.225    0.789625
-0.22    0.78976
-0.215    0.789895
-0.21    0.790033
-0.205    0.790171
-0.2    0.79031
-0.195    0.790451
-0.19    0.790593
-0.185    0.790736
-0.18    0.79088
-0.175    0.791025
-0.17    0.791172
-0.165    0.79132
-0.16    0.791469
-0.155    0.791619
-0.15    0.791771
-0.145    0.791924
-0.14    0.792078
-0.135    0.792234
-0.13    0.792391
-0.125    0.792549
-0.12    0.792708
-0.115    0.792869
-0.11    0.793032
-0.105    0.793195
-0.1    0.79336
-0.095    0.793527
-0.09    0.793695
-0.085    0.793864
-0.08    0.794035
-0.075    0.794207
-0.07    0.794381
-0.065    0.794556
-0.06    0.794732
-0.055    0.79491
-0.05    0.79509
-0.045    0.795271
-0.04    0.795454
-0.035    0.795638
-0.03    0.795823
-0.025    0.796011
-0.02    0.796199
-0.015    0.79639
-0.01    0.796582
-0.005    0.796775
8.20524e-16    0.79697
0.005    0.797167
0.01    0.797365
0.015    0.797565
0.02    0.797766
0.025    0.797969
0.03    0.798174
0.035    0.798381
0.04    0.798589
0.045    0.798798
0.05    0.79901
0.055    0.799223
0.06    0.799437
0.065    0.799654
0.07    0.799872
0.075    0.800092
0.08    0.800313
0.085    0.800536
0.09    0.800761
0.095    0.800988
0.1    0.801216
0.105    0.801446
0.11    0.801678
0.115    0.801911
0.12    0.802146
0.125    0.802383
0.13    0.802622
0.135    0.802862
0.14    0.803104
0.145    0.803348
0.15    0.803594
0.155    0.803841
0.16    0.80409
0.165    0.804341
0.17    0.804593
0.175    0.804847
0.18    0.805103
0.185    0.805361
0.19    0.80562
0.195    0.805881
0.2    0.806143
0.205    0.806408
0.21    0.806674
0.215    0.806942
0.22    0.807211
0.225    0.807482
0.23    0.807755
0.235    0.80803
0.24    0.808306
0.245    0.808583
0.25    0.808863
0.255    0.809144
0.26    0.809426
0.265    0.80971
0.27    0.809996
0.275    0.810283
0.28    0.810572
0.285    0.810863
0.29    0.811155
0.295    0.811448
0.3    0.811743
0.305    0.81204
0.31    0.812338
0.315    0.812637
0.32    0.812938
0.325    0.81324
0.33    0.813544
0.335    0.813849
0.34    0.814155
0.345    0.814463
0.35    0.814772
0.355    0.815082
0.36    0.815394
0.365    0.815707
0.37    0.816021
0.375    0.816336
0.38    0.816653
0.385    0.81697
0.39    0.817289
0.395    0.817609
0.4    0.81793
0.405    0.818252
0.41    0.818575
0.415    0.818899
0.42    0.819224
0.425    0.81955
0.43    0.819877
0.435    0.820205
0.44    0.820534
0.445    0.820863
0.45    0.821193
0.455    0.821524
0.46    0.821856
0.465    0.822188
0.47    0.822521
0.475    0.822855
0.48    0.823189
0.485    0.823524
0.49    0.82386
0.495    0.824195
0.5    0.824532
0.505    0.824868
0.51    0.825206
0.515    0.825543
0.52    0.825881
0.525    0.826219
0.53    0.826557
0.535    0.826896
0.54    0.827234
0.545    0.827573
0.55    0.827912
0.555    0.828251
0.56    0.82859
0.565    0.828929
0.57    0.829268
0.575    0.829607
0.58    0.829945
0.585    0.830284
0.59    0.830622
0.595    0.83096
0.6    0.831298
0.605    0.831635
0.61    0.831972
0.615    0.832309
0.62    0.832645
0.625    0.832981
0.63    0.833316
0.635    0.833651
0.64    0.833985
0.645    0.834319
0.65    0.834652
0.655    0.834984
0.66    0.835315
0.665    0.835646
0.67    0.835976
0.675    0.836305
0.68    0.836633
0.685    0.836961
0.69    0.837287
0.695    0.837613
0.7    0.837937
0.705    0.838261
0.71    0.838583
0.715    0.838904
0.72    0.839225
0.725    0.839544
0.73    0.839861
0.735    0.840178
0.74    0.840494
0.745    0.840808
0.75    0.841121
0.755    0.841432
0.76    0.841742
0.765    0.842051
0.77    0.842359
0.775    0.842665
0.78    0.842969
0.785    0.843273
0.79    0.843574
0.795    0.843874
0.8    0.844173
0.805    0.84447
0.81    0.844766
0.815    0.845059
0.82    0.845352
0.825    0.845643
0.83    0.845932
0.835    0.846219
0.84    0.846505
0.845    0.846789
0.85    0.847071
0.855    0.847352
0.86    0.847631
0.865    0.847908
0.87    0.848183
0.875    0.848457
0.88    0.848729
0.885    0.848999
0.89    0.849267
0.895    0.849534
0.9    0.849798
0.905    0.850061
0.91    0.850322
0.915    0.850582
0.92    0.850839
0.925    0.851095
0.93    0.851348
0.935    0.8516
0.94    0.85185
0.945    0.852099
0.95    0.852345
0.955    0.85259
0.96    0.852832
0.965    0.853073
0.97    0.853312
0.975    0.853549
0.98    0.853785
0.985    0.854018
0.99    0.85425
0.995    0.85448
1    0.854707
1.005    0.854934
1.01    0.855158
1.015    0.855381
1.02    0.855601
1.025    0.85582
1.03    0.856037
1.035    0.856253
1.04    0.856466
1.045    0.856678
1.05    0.856888
1.055    0.857096
1.06    0.857303
1.065    0.857507
1.07    0.85771
1.075    0.857912
1.08    0.858111
1.085    0.858309
1.09    0.858505
1.095    0.8587
1.1    0.858893
1.105    0.859084
1.11    0.859273
1.115    0.859461
1.12    0.859647
1.125    0.859832
1.13    0.860015
1.135    0.860196
1.14    0.860376
1.145    0.860554
1.15    0.860731
1.155    0.860906
1.16    0.86108
1.165    0.861252
1.17    0.861422
1.175    0.861592
1.18    0.861759
1.185    0.861925
1.19    0.86209
1.195    0.862253
1.2    0.862415
1.205    0.862575
1.21    0.862734
1.215    0.862892
1.22    0.863048
1.225    0.863203
1.23    0.863356
1.235    0.863508
1.24    0.863659
1.245    0.863809
1.25    0.863957
1.255    0.864104
1.26    0.864249
1.265    0.864394
1.27    0.864537
1.275    0.864678
1.28    0.864819
1.285    0.864958
1.29    0.865097
1.295    0.865234
1.3    0.865369
1.305    0.865504
1.31    0.865638
1.315    0.86577
1.32    0.865901
1.325    0.866031
1.33    0.86616
1.335    0.866288
1.34    0.866415
1.345    0.866541
1.35    0.866665
1.355    0.866789
1.36    0.866912
1.365    0.867033
1.37    0.867154
1.375    0.867273
1.38    0.867392
1.385    0.86751
1.39    0.867626
1.395    0.867742
1.4    0.867857
1.405    0.86797
1.41    0.868083
1.415    0.868195
1.42    0.868306
1.425    0.868416
1.43    0.868525
1.435    0.868634
1.44    0.868741
1.445    0.868848
1.45    0.868954
1.455    0.869059
1.46    0.869163
1.465    0.869266
1.47    0.869369
1.475    0.86947
1.48    0.869571
1.485    0.869671
1.49    0.869771
1.495    0.869869
1.5    0.869967
1.505    0.870064
1.51    0.87016
1.515    0.870256
1.52    0.870351
1.525    0.870445
1.53    0.870539
1.535    0.870631
1.54    0.870723
1.545    0.870815
1.55    0.870905
1.555    0.870996
1.56    0.871085
1.565    0.871174
1.57    0.871262
1.575    0.871349
1.58    0.871436
1.585    0.871522
1.59    0.871608
1.595    0.871693
1.6    0.871777
1.605    0.871861
1.61    0.871944
1.615    0.872027
1.62    0.872109
1.625    0.87219
1.63    0.872271
1.635    0.872351
1.64    0.872431
1.645    0.87251
1.65    0.872589
1.655    0.872667
1.66    0.872745
1.665    0.872822
1.67    0.872898
1.675    0.872974
1.68    0.87305
1.685    0.873125
1.69    0.8732
1.695    0.873274
1.7    0.873347
1.705    0.873421
1.71    0.873493
1.715    0.873566
1.72    0.873637
1.725    0.873709
1.73    0.873779
1.735    0.87385
1.74    0.87392
1.745    0.873989
1.75    0.874058
1.755    0.874127
1.76    0.874195
1.765    0.874263
1.77    0.874331
1.775    0.874398
1.78    0.874464
1.785    0.874531
1.79    0.874596
1.795    0.874662
1.8    0.874727
1.805    0.874792
1.81    0.874856
1.815    0.87492
1.82    0.874983
1.825    0.875047
1.83    0.875109
1.835    0.875172
1.84    0.875234
1.845    0.875296
1.85    0.875357
1.855    0.875418
1.86    0.875479
1.865    0.87554
1.87    0.8756
1.875    0.875659
1.88    0.875719
1.885    0.875778
1.89    0.875837
1.895    0.875895
1.9    0.875953
1.905    0.876011
1.91    0.876069
1.915    0.876126
1.92    0.876183
1.925    0.87624
1.93    0.876296
1.935    0.876352
1.94    0.876408
1.945    0.876464
1.95    0.876519
1.955    0.876574
1.96    0.876629
1.965    0.876683
1.97    0.876737
1.975    0.876791
1.98    0.876845
1.985    0.876898
1.99    0.876951
1.995    0.877004
2    0.877057
2.005    0.877109
2.01    0.877161
2.015    0.877213
2.02    0.877265
2.025    0.877316
2.03    0.877367
2.035    0.877418
2.04    0.877469
2.045    0.877519
2.05    0.87757
2.055    0.87762
2.06    0.877669
2.065    0.877719
2.07    0.877768
2.075    0.877818
2.08    0.877866
2.085    0.877915
2.09    0.877964
2.095    0.878012
2.1    0.87806
2.105    0.878108
2.11    0.878156
2.115    0.878203
2.12    0.87825
2.125    0.878298
2.13    0.878344
2.135    0.878391
2.14    0.878438
2.145    0.878484
2.15    0.87853
2.155    0.878576
2.16    0.878622
2.165    0.878668
2.17    0.878713
2.175    0.878758
2.18    0.878803
2.185    0.878848
2.19    0.878893
2.195    0.878937
2.2    0.878982
2.205    0.879026
2.21    0.87907
2.215    0.879114
2.22    0.879158
2.225    0.879201
2.23    0.879245
2.235    0.879288
2.24    0.879331
2.245    0.879374
2.25    0.879417
2.255    0.879459
2.26    0.879502
2.265    0.879544
2.27    0.879586
2.275    0.879628
2.28    0.87967
2.285    0.879712
2.29    0.879753
2.295    0.879795
2.3    0.879836
2.305    0.879877
2.31    0.879918
2.315    0.879959
2.32    0.88
2.325    0.88004
2.33    0.880081
2.335    0.880121
2.34    0.880161
2.345    0.880201
2.35    0.880241
2.355    0.880281
2.36    0.880321
2.365    0.88036
2.37    0.8804
2.375    0.880439
2.38    0.880478
2.385    0.880517
2.39    0.880556
2.395    0.880595
2.4    0.880634
2.405    0.880672
2.41    0.880711
2.415    0.880749
2.42    0.880787
2.425    0.880826
2.43    0.880864
2.435    0.880901
2.44    0.880939
2.445    0.880977
2.45    0.881014
2.455    0.881052
2.46    0.881089
2.465    0.881126
2.47    0.881164
2.475    0.881201
2.48    0.881238
2.485    0.881274
2.49    0.881311
2.495    0.881348
2.5    0.881384
2.505    0.881421
2.51    0.881457
2.515    0.881493
2.52    0.881529
2.525    0.881565
2.53    0.881601
2.535    0.881637
2.54    0.881673
2.545    0.881708
2.55    0.881744
2.555    0.881779
2.56    0.881814
2.565    0.88185
2.57    0.881885
2.575    0.88192
2.58    0.881955
2.585    0.88199
2.59    0.882024
2.595    0.882059
2.6    0.882094
2.605    0.882128
2.61    0.882163
2.615    0.882197
2.62    0.882231
2.625    0.882266
2.63    0.8823
2.635    0.882334
2.64    0.882368
2.645    0.882401
2.65    0.882435
2.655    0.882469
2.66    0.882502
2.665    0.882536
2.67    0.882569
2.675    0.882603
2.68    0.882636
2.685    0.882669
2.69    0.882702
2.695    0.882735
2.7    0.882768
2.705    0.882801
2.71    0.882834
2.715    0.882867
2.72    0.8829
2.725    0.882932
2.73    0.882965
2.735    0.882997
2.74    0.88303
2.745    0.883062
2.75    0.883094
2.755    0.883126
2.76    0.883158
2.765    0.88319
2.77    0.883222
2.775    0.883254
2.78    0.883286
2.785    0.883318
2.79    0.883349
2.795    0.883381
2.8    0.883413
2.805    0.883444
2.81    0.883475
2.815    0.883507
2.82    0.883538
2.825    0.883569
2.83    0.8836
2.835    0.883632
2.84    0.883663
2.845    0.883694
2.85    0.883724
2.855    0.883755
2.86    0.883786
2.865    0.883817
2.87    0.883847
2.875    0.883878
2.88    0.883908
2.885    0.883939
2.89    0.883969
2.895    0.884
2.9    0.88403
2.905    0.88406
2.91    0.88409
2.915    0.88412
2.92    0.88415
2.925    0.88418
2.93    0.88421
2.935    0.88424
2.94    0.88427
2.945    0.8843
2.95    0.88433
2.955    0.884359
2.96    0.884389
2.965    0.884418
2.97    0.884448
2.975    0.884477
2.98    0.884507
2.985    0.884536
2.99    0.884565
2.995    0.884594
3    0.884624
3.005    0.884653
3.01    0.884682
3.015    0.884711
3.02    0.88474
3.025    0.884769
3.03    0.884797
3.035    0.884826
3.04    0.884855
3.045    0.884884
3.05    0.884912
3.055    0.884941
3.06    0.884969
3.065    0.884998
3.07    0.885026
3.075    0.885055
3.08    0.885083
3.085    0.885111
3.09    0.88514
3.095    0.885168
3.1    0.885196
3.105    0.885224
3.11    0.885252
3.115    0.88528
3.12    0.885308
3.125    0.885336
3.13    0.885364
3.135    0.885392
3.14    0.88542
3.145    0.885447
3.15    0.885475
3.155    0.885503
3.16    0.88553
3.165    0.885558
3.17    0.885585
3.175    0.885613
3.18    0.88564
3.185    0.885668
3.19    0.885695
3.195    0.885722
3.2    0.88575
3.205    0.885777
3.21    0.885804
3.215    0.885831
3.22    0.885858
3.225    0.885885
3.23    0.885912
3.235    0.885939
3.24    0.885966
3.245    0.885993
3.25    0.88602
3.255    0.886047
3.26    0.886074
3.265    0.8861
3.27    0.886127
3.275    0.886154
3.28    0.88618
3.285    0.886207
3.29    0.886233
3.295    0.88626
3.3    0.886286
3.305    0.886313
3.31    0.886339
3.315    0.886366
3.32    0.886392
3.325    0.886418
3.33    0.886444
3.335    0.886471
3.34    0.886497
3.345    0.886523
3.35    0.886549
3.355    0.886575
3.36    0.886601
3.365    0.886627
3.37    0.886653
3.375    0.886679
3.38    0.886705
3.385    0.88673
3.39    0.886756
3.395    0.886782
3.4    0.886808
3.405    0.886833
3.41    0.886859
3.415    0.886885
3.42    0.88691
3.425    0.886936
3.43    0.886961
3.435    0.886987
3.44    0.887012
3.445    0.887038
3.45    0.887063
3.455    0.887088
3.46    0.887114
3.465    0.887139
3.47    0.887164
3.475    0.88719
3.48    0.887215
3.485    0.88724
3.49    0.887265
3.495    0.88729
3.5    0.887315
3.505    0.88734
3.51    0.887365
3.515    0.88739
3.52    0.887415
3.525    0.88744
3.53    0.887465
3.535    0.88749
3.54    0.887515
3.545    0.88754
3.55    0.887564
3.555    0.887589
3.56    0.887614
3.565    0.887638
3.57    0.887663
3.575    0.887688
3.58    0.887712
3.585    0.887737
3.59    0.887761
3.595    0.887786
3.6    0.88781
3.605    0.887835
3.61    0.887859
3.615    0.887884
3.62    0.887908
3.625    0.887932
3.63    0.887957
3.635    0.887981
3.64    0.888005
3.645    0.888029
3.65    0.888054
3.655    0.888078
3.66    0.888102
3.665    0.888126
3.67    0.88815
3.675    0.888174
3.68    0.888198
3.685    0.888222
3.69    0.888246
3.695    0.88827
3.7    0.888294
3.705    0.888318
3.71    0.888342
3.715    0.888366
3.72    0.88839
3.725    0.888413
3.73    0.888437
3.735    0.888461
3.74    0.888485
3.745    0.888508
3.75    0.888532
3.755    0.888556
3.76    0.888579
3.765    0.888603
3.77    0.888627
3.775    0.88865
3.78    0.888674
3.785    0.888697
3.79    0.888721
3.795    0.888744
3.8    0.888768
3.805    0.888791
3.81    0.888815
3.815    0.888838
3.82    0.888861
3.825    0.888885
3.83    0.888908
3.835    0.888931
3.84    0.888954
3.845    0.888978
3.85    0.889001
3.855    0.889024
3.86    0.889047
3.865    0.88907
3.87    0.889094
3.875    0.889117
3.88    0.88914
3.885    0.889163
3.89    0.889186
3.895    0.889209
3.9    0.889232
3.905    0.889255
3.91    0.889278
3.915    0.889301
3.92    0.889324
3.925    0.889347
3.93    0.88937
3.935    0.889393
3.94    0.889415
3.945    0.889438
3.95    0.889461
3.955    0.889484
3.96    0.889507
3.965    0.889529
3.97    0.889552
3.975    0.889575
3.98    0.889598
3.985    0.88962
3.99    0.889643
3.995    0.889665
