-1    0.0126951
-0.995    0.0127063
-0.99    0.012718
-0.985    0.0127302
-0.98    0.0127429
-0.975    0.0127561
-0.97    0.0127699
-0.965    0.0127841
-0.96    0.012799
-0.955    0.0128143
-0.95    0.0128303
-0.945    0.0128467
-0.94    0.0128638
-0.935    0.0128814
-0.93    0.0128997
-0.925    0.0129185
-0.92    0.0129379
-0.915    0.012958
-0.91    0.0129787
-0.905    0.013
-0.9    0.0130219
-0.895    0.0130445
-0.89    0.0130678
-0.885    0.0130917
-0.88    0.0131163
-0.875    0.0131416
-0.87    0.0131676
-0.865    0.0131943
-0.86    0.0132217
-0.855    0.0132499
-0.85    0.0132788
-0.845    0.0133084
-0.84    0.0133388
-0.835    0.01337
-0.83    0.0134019
-0.825    0.0134346
-0.82    0.0134681
-0.815    0.0135025
-0.81    0.0135376
-0.805    0.0135736
-0.8    0.0136104
-0.795    0.0136481
-0.79    0.0136866
-0.785    0.0137261
-0.78    0.0137664
-0.775    0.0138076
-0.77    0.0138497
-0.765    0.0138927
-0.76    0.0139366
-0.755    0.0139815
-0.75    0.0140274
-0.745    0.0140742
-0.74    0.014122
-0.735    0.0141708
-0.73    0.0142206
-0.725    0.0142714
-0.72    0.0143233
-0.715    0.0143761
-0.71    0.0144301
-0.705    0.0144851
-0.7    0.0145411
-0.695    0.0145983
-0.69    0.0146566
-0.685    0.014716
-0.68    0.0147765
-0.675    0.0148381
-0.67    0.014901
-0.665    0.0149649
-0.66    0.0150301
-0.655    0.0150965
-0.65    0.015164
-0.645    0.0152328
-0.64    0.0153029
-0.635    0.0153742
-0.63    0.0154467
-0.625    0.0155205
-0.62    0.0155957
-0.615    0.0156721
-0.61    0.0157498
-0.605    0.0158289
-0.6    0.0159094
-0.595    0.0159912
-0.59    0.0160743
-0.585    0.0161589
-0.58    0.0162449
-0.575    0.0163323
-0.57    0.0164211
-0.565    0.0165114
-0.56    0.0166032
-0.555    0.0166964
-0.55    0.0167912
-0.545    0.0168874
-0.54    0.0169852
-0.535    0.0170845
-0.53    0.0171854
-0.525    0.0172878
-0.52    0.0173918
-0.515    0.0174974
-0.51    0.0176047
-0.505    0.0177136
-0.5    0.0178241
-0.495    0.0179363
-0.49    0.0180501
-0.485    0.0181657
-0.48    0.0182829
-0.475    0.0184019
-0.47    0.0185226
-0.465    0.0186451
-0.46    0.0187693
-0.455    0.0188953
-0.45    0.0190231
-0.445    0.0191528
-0.44    0.0192842
-0.435    0.0194175
-0.43    0.0195527
-0.425    0.0196897
-0.42    0.0198286
-0.415    0.0199694
-0.41    0.0201121
-0.405    0.0202567
-0.4    0.0204033
-0.395    0.0205519
-0.39    0.0207024
-0.385    0.0208549
-0.38    0.0210094
-0.375    0.0211659
-0.37    0.0213244
-0.365    0.021485
-0.36    0.0216476
-0.355    0.0218123
-0.35    0.0219791
-0.345    0.0221479
-0.34    0.0223189
-0.335    0.022492
-0.33    0.0226672
-0.325    0.0228445
-0.32    0.023024
-0.315    0.0232056
-0.31    0.0233894
-0.305    0.0235754
-0.3    0.0237636
-0.295    0.023954
-0.29    0.0241466
-0.285    0.0243414
-0.28    0.0245385
-0.275    0.0247378
-0.27    0.0249393
-0.265    0.0251431
-0.26    0.0253491
-0.255    0.0255574
-0.25    0.025768
-0.245    0.0259809
-0.24    0.0261961
-0.235    0.0264135
-0.23    0.0266333
-0.225    0.0268553
-0.22    0.0270797
-0.215    0.0273063
-0.21    0.0275353
-0.205    0.0277666
-0.2    0.0280002
-0.195    0.0282361
-0.19    0.0284743
-0.185    0.0287149
-0.18    0.0289577
-0.175    0.0292029
-0.17    0.0294504
-0.165    0.0297002
-0.16    0.0299523
-0.155    0.0302067
-0.15    0.0304634
-0.145    0.0307224
-0.14    0.0309836
-0.135    0.0312472
-0.13    0.031513
-0.125    0.031781
-0.12    0.0320513
-0.115    0.0323239
-0.11    0.0325986
-0.105    0.0328756
-0.1    0.0331548
-0.095    0.0334361
-0.09    0.0337197
-0.085    0.0340054
-0.08    0.0342932
-0.075    0.0345831
-0.07    0.0348751
-0.065    0.0351692
-0.06    0.0354653
-0.055    0.0357635
-0.05    0.0360637
-0.045    0.0363658
-0.04    0.0366699
-0.035    0.036976
-0.03    0.0372839
-0.025    0.0375937
-0.02    0.0379053
-0.015    0.0382187
-0.01    0.0385339
-0.005    0.0388509
8.20524e-16    0.0391695
0.005    0.0394898
0.01    0.0398117
0.015    0.0401351
0.02    0.0404602
0.025    0.0407867
0.03    0.0411146
0.035    0.041444
0.04    0.0417747
0.045    0.0421067
0.05    0.04244
0.055    0.0427744
0.06    0.04311
0.065    0.0434467
0.07    0.0437845
0.075    0.0441232
0.08    0.0444629
0.085    0.0448034
0.09    0.0451447
0.095    0.0454867
0.1    0.0458294
0.105    0.0461727
0.11    0.0465165
0.115    0.0468608
0.12    0.0472055
0.125    0.0475504
0.13    0.0478957
0.135    0.0482411
0.14    0.0485865
0.145    0.048932
0.15    0.0492774
0.155    0.0496227
0.16    0.0499677
0.165    0.0503123
0.17    0.0506566
0.175    0.0510004
0.18    0.0513435
0.185    0.051686
0.19    0.0520277
0.195    0.0523686
0.2    0.0527084
0.205    0.0530473
0.21    0.0533849
0.215    0.0537213
0.22    0.0540564
0.225    0.05439
0.23    0.054722
0.235    0.0550524
0.24    0.055381
0.245    0.0557077
0.25    0.0560324
0.255    0.0563551
0.26    0.0566755
0.265    0.0569937
0.27    0.0573094
0.275    0.0576226
0.28    0.0579332
0.285    0.0582411
0.29    0.058546
0.295    0.058848
0.3    0.0591469
0.305    0.0594426
0.31    0.059735
0.315    0.060024
0.32    0.0603094
0.325    0.0605912
0.33    0.0608692
0.335    0.0611433
0.34    0.0614134
0.345    0.0616794
0.35    0.0619412
0.355    0.0621986
0.36    0.0624516
0.365    0.0627
0.37    0.0629438
0.375    0.0631827
0.38    0.0634168
0.385    0.0636459
0.39    0.0638698
0.395    0.0640886
0.4    0.064302
0.405    0.06451
0.41    0.0647125
0.415    0.0649093
0.42    0.0651004
0.425    0.0652857
0.43    0.0654651
0.435    0.0656385
0.44    0.0658057
0.445    0.0659668
0.45    0.0661216
0.455    0.06627
0.46    0.0664119
0.465    0.0665473
0.47    0.0666761
0.475    0.0667983
0.48    0.0669136
0.485    0.0670222
0.49    0.0671238
0.495    0.0672185
0.5    0.0673062
0.505    0.0673868
0.51    0.0674602
0.515    0.0675265
0.52    0.0675855
0.525    0.0676373
0.53    0.0676817
0.535    0.0677188
0.54    0.0677485
0.545    0.0677708
0.55    0.0677856
0.555    0.067793
0.56    0.0677928
0.565    0.0677852
0.57    0.06777
0.575    0.0677474
0.58    0.0677172
0.585    0.0676794
0.59    0.0676342
0.595    0.0675814
0.6    0.0675211
0.605    0.0674534
0.61    0.0673782
0.615    0.0672955
0.62    0.0672054
0.625    0.067108
0.63    0.0670032
0.635    0.0668911
0.64    0.0667717
0.645    0.0666451
0.65    0.0665114
0.655    0.0663706
0.66    0.0662227
0.665    0.0660678
0.67    0.0659061
0.675    0.0657374
0.68    0.0655621
0.685    0.06538
0.69    0.0651913
0.695    0.0649961
0.7    0.0647945
0.705    0.0645865
0.71    0.0643723
0.715    0.0641519
0.72    0.0639255
0.725    0.0636931
0.73    0.0634549
0.735    0.0632109
0.74    0.0629613
0.745    0.0627062
0.75    0.0624457
0.755    0.06218
0.76    0.0619091
0.765    0.0616331
0.77    0.0613523
0.775    0.0610666
0.78    0.0607763
0.785    0.0604815
0.79    0.0601823
0.795    0.0598788
0.8    0.0595712
0.805    0.0592596
0.81    0.0589441
0.815    0.0586249
0.82    0.0583022
0.825    0.0579759
0.83    0.0576463
0.835    0.0573136
0.84    0.0569778
0.845    0.0566391
0.85    0.0562977
0.855    0.0559536
0.86    0.055607
0.865    0.0552581
0.87    0.0549069
0.875    0.0545537
0.88    0.0541985
0.885    0.0538414
0.89    0.0534827
0.895    0.0531225
0.9    0.0527608
0.905    0.0523978
0.91    0.0520336
0.915    0.0516684
0.92    0.0513023
0.925    0.0509354
0.93    0.0505678
0.935    0.0501997
0.94    0.0498311
0.945    0.0494622
0.95    0.0490931
0.955    0.0487239
0.96    0.0483547
0.965    0.0479856
0.97    0.0476168
0.975    0.0472483
0.98    0.0468802
0.985    0.0465127
0.99    0.0461457
0.995    0.0457795
1    0.0454141
1.005    0.0450496
1.01    0.0446861
1.015    0.0443237
1.02    0.0439624
1.025    0.0436023
1.03    0.0432436
1.035    0.0428862
1.04    0.0425303
1.045    0.0421759
1.05    0.0418231
1.055    0.041472
1.06    0.0411225
1.065    0.0407749
1.07    0.0404291
1.075    0.0400851
1.08    0.0397431
1.085    0.0394031
1.09    0.0390652
1.095    0.0387293
1.1    0.0383955
1.105    0.0380639
1.11    0.0377345
1.115    0.0374074
1.12    0.0370825
1.125    0.0367599
1.13    0.0364397
1.135    0.0361219
1.14    0.0358064
1.145    0.0354933
1.15    0.0351827
1.155    0.0348746
1.16    0.0345689
1.165    0.0342657
1.17    0.0339651
1.175    0.0336669
1.18    0.0333713
1.185    0.0330783
1.19    0.0327878
1.195    0.0324998
1.2    0.0322145
1.205    0.0319317
1.21    0.0316515
1.215    0.0313739
1.22    0.0310988
1.225    0.0308263
1.23    0.0305565
1.235    0.0302892
1.24    0.0300244
1.245    0.0297623
1.25    0.0295027
1.255    0.0292456
1.26    0.0289911
1.265    0.0287392
1.27    0.0284897
1.275    0.0282428
1.28    0.0279984
1.285    0.0277566
1.29    0.0275172
1.295    0.0272802
1.3    0.0270458
1.305    0.0268137
1.31    0.0265842
1.315    0.026357
1.32    0.0261322
1.325    0.0259098
1.33    0.0256898
1.335    0.0254722
1.34    0.0252569
1.345    0.0250439
1.35    0.0248332
1.355    0.0246248
1.36    0.0244186
1.365    0.0242148
1.37    0.0240131
1.375    0.0238136
1.38    0.0236164
1.385    0.0234213
1.39    0.0232283
1.395    0.0230375
1.4    0.0228489
1.405    0.0226623
1.41    0.0224777
1.415    0.0222953
1.42    0.0221148
1.425    0.0219364
1.43    0.02176
1.435    0.0215856
1.44    0.0214131
1.445    0.0212425
1.45    0.0210739
1.455    0.0209072
1.46    0.0207423
1.465    0.0205793
1.47    0.0204181
1.475    0.0202588
1.48    0.0201013
1.485    0.0199455
1.49    0.0197915
1.495    0.0196392
1.5    0.0194887
1.505    0.0193398
1.51    0.0191927
1.515    0.0190472
1.52    0.0189034
1.525    0.0187612
1.53    0.0186206
1.535    0.0184815
1.54    0.0183441
1.545    0.0182082
1.55    0.0180739
1.555    0.0179411
1.56    0.0178098
1.565    0.01768
1.57    0.0175516
1.575    0.0174247
1.58    0.0172993
1.585    0.0171752
1.59    0.0170526
1.595    0.0169313
1.6    0.0168115
1.605    0.0166929
1.61    0.0165757
1.615    0.0164599
1.62    0.0163453
1.625    0.0162321
1.63    0.0161201
1.635    0.0160094
1.64    0.0158999
1.645    0.0157916
1.65    0.0156846
1.655    0.0155788
1.66    0.0154741
1.665    0.0153707
1.67    0.0152684
1.675    0.0151672
1.68    0.0150672
1.685    0.0149683
1.69    0.0148705
1.695    0.0147738
1.7    0.0146782
1.705    0.0145836
1.71    0.0144901
1.715    0.0143977
1.72    0.0143063
1.725    0.0142158
1.73    0.0141264
1.735    0.014038
1.74    0.0139506
1.745    0.0138641
1.75    0.0137786
1.755    0.013694
1.76    0.0136104
1.765    0.0135277
1.77    0.0134459
1.775    0.013365
1.78    0.013285
1.785    0.0132058
1.79    0.0131276
1.795    0.0130501
1.8    0.0129736
1.805    0.0128979
1.81    0.012823
1.815    0.0127489
1.82    0.0126756
1.825    0.0126031
1.83    0.0125314
1.835    0.0124605
1.84    0.0123903
1.845    0.0123209
1.85    0.0122523
1.855    0.0121844
1.86    0.0121172
1.865    0.0120508
1.87    0.011985
1.875    0.01192
1.88    0.0118556
1.885    0.011792
1.89    0.011729
1.895    0.0116667
1.9    0.0116051
1.905    0.0115441
1.91    0.0114837
1.915    0.011424
1.92    0.011365
1.925    0.0113065
1.93    0.0112487
1.935    0.0111914
1.94    0.0111348
1.945    0.0110788
1.95    0.0110233
1.955    0.0109684
1.96    0.0109141
1.965    0.0108604
1.97    0.0108072
1.975    0.0107545
1.98    0.0107025
1.985    0.0106509
1.99    0.0105999
1.995    0.0105494
2    0.0104994
2.005    0.0104499
2.01    0.0104009
2.015    0.0103524
2.02    0.0103045
2.025    0.010257
2.03    0.01021
2.035    0.0101634
2.04    0.0101173
2.045    0.0100717
2.05    0.0100266
2.055    0.00998186
2.06    0.00993759
2.065    0.00989377
2.07    0.00985039
2.075    0.00980743
2.08    0.0097649
2.085    0.00972279
2.09    0.00968109
2.095    0.00963979
2.1    0.00959891
2.105    0.00955842
2.11    0.00951832
2.115    0.00947862
2.12    0.00943929
2.125    0.00940035
2.13    0.00936178
2.135    0.00932358
2.14    0.00928575
2.145    0.00924828
2.15    0.00921116
2.155    0.0091744
2.16    0.00913799
2.165    0.00910192
2.17    0.00906619
2.175    0.00903079
2.18    0.00899573
2.185    0.008961
2.19    0.00892658
2.195    0.00889249
2.2    0.00885871
2.205    0.00882525
2.21    0.00879209
2.215    0.00875924
2.22    0.00872669
2.225    0.00869443
2.23    0.00866247
2.235    0.0086308
2.24    0.00859942
2.245    0.00856832
2.25    0.00853749
2.255    0.00850695
2.26    0.00847668
2.265    0.00844667
2.27    0.00841694
2.275    0.00838746
2.28    0.00835825
2.285    0.00832929
2.29    0.00830059
2.295    0.00827214
2.3    0.00824394
2.305    0.00821598
2.31    0.00818827
2.315    0.00816079
2.32    0.00813355
2.325    0.00810654
2.33    0.00807977
2.335    0.00805322
2.34    0.0080269
2.345    0.0080008
2.35    0.00797492
2.355    0.00794926
2.36    0.00792382
2.365    0.00789859
2.37    0.00787356
2.375    0.00784875
2.38    0.00782414
2.385    0.00779973
2.39    0.00777553
2.395    0.00775152
2.4    0.00772771
2.405    0.00770409
2.41    0.00768067
2.415    0.00765743
2.42    0.00763438
2.425    0.00761152
2.43    0.00758884
2.435    0.00756634
2.44    0.00754402
2.445    0.00752187
2.45    0.0074999
2.455    0.00747811
2.46    0.00745648
2.465    0.00743502
2.47    0.00741373
2.475    0.00739261
2.48    0.00737165
2.485    0.00735085
2.49    0.00733021
2.495    0.00730973
2.5    0.0072894
2.505    0.00726923
2.51    0.00724922
2.515    0.00722935
2.52    0.00720963
2.525    0.00719006
2.53    0.00717064
2.535    0.00715136
2.54    0.00713223
2.545    0.00711324
2.55    0.00709438
2.555    0.00707567
2.56    0.00705709
2.565    0.00703865
2.57    0.00702034
2.575    0.00700217
2.58    0.00698412
2.585    0.00696621
2.59    0.00694842
2.595    0.00693077
2.6    0.00691323
2.605    0.00689583
2.61    0.00687854
2.615    0.00686138
2.62    0.00684434
2.625    0.00682742
2.63    0.00681061
2.635    0.00679393
2.64    0.00677736
2.645    0.0067609
2.65    0.00674456
2.655    0.00672833
2.66    0.00671221
2.665    0.0066962
2.67    0.0066803
2.675    0.00666451
2.68    0.00664882
2.685    0.00663324
2.69    0.00661777
2.695    0.00660239
2.7    0.00658712
2.705    0.00657196
2.71    0.00655689
2.715    0.00654192
2.72    0.00652705
2.725    0.00651228
2.73    0.00649761
2.735    0.00648303
2.74    0.00646855
2.745    0.00645416
2.75    0.00643986
2.755    0.00642566
2.76    0.00641154
2.765    0.00639752
2.77    0.00638359
2.775    0.00636974
2.78    0.00635598
2.785    0.00634232
2.79    0.00632873
2.795    0.00631523
2.8    0.00630182
2.805    0.00628849
2.81    0.00627525
2.815    0.00626208
2.82    0.006249
2.825    0.006236
2.83    0.00622308
2.835    0.00621024
2.84    0.00619747
2.845    0.00618479
2.85    0.00617218
2.855    0.00615965
2.86    0.0061472
2.865    0.00613482
2.87    0.00612251
2.875    0.00611028
2.88    0.00609812
2.885    0.00608604
2.89    0.00607402
2.895    0.00606208
2.9    0.00605021
2.905    0.00603841
2.91    0.00602668
2.915    0.00601502
2.92    0.00600343
2.925    0.0059919
2.93    0.00598044
2.935    0.00596905
2.94    0.00595773
2.945    0.00594647
2.95    0.00593528
2.955    0.00592415
2.96    0.00591308
2.965    0.00590208
2.97    0.00589114
2.975    0.00588026
2.98    0.00586945
2.985    0.0058587
2.99    0.00584801
2.995    0.00583738
3    0.00582681
3.005    0.00581629
3.01    0.00580584
3.015    0.00579545
3.02    0.00578511
3.025    0.00577484
3.03    0.00576462
3.035    0.00575445
3.04    0.00574435
3.045    0.0057343
3.05    0.0057243
3.055    0.00571436
3.06    0.00570448
3.065    0.00569465
3.07    0.00568487
3.075    0.00567515
3.08    0.00566548
3.085    0.00565586
3.09    0.00564629
3.095    0.00563678
3.1    0.00562732
3.105    0.00561791
3.11    0.00560855
3.115    0.00559924
3.12    0.00558999
3.125    0.00558078
3.13    0.00557162
3.135    0.00556251
3.14    0.00555345
3.145    0.00554444
3.15    0.00553547
3.155    0.00552656
3.16    0.00551769
3.165    0.00550886
3.17    0.00550009
3.175    0.00549136
3.18    0.00548268
3.185    0.00547404
3.19    0.00546545
3.195    0.0054569
3.2    0.0054484
3.205    0.00543995
3.21    0.00543154
3.215    0.00542317
3.22    0.00541484
3.225    0.00540656
3.23    0.00539833
3.235    0.00539013
3.24    0.00538198
3.245    0.00537387
3.25    0.0053658
3.255    0.00535778
3.26    0.00534979
3.265    0.00534185
3.27    0.00533395
3.275    0.00532609
3.28    0.00531827
3.285    0.00531049
3.29    0.00530275
3.295    0.00529505
3.3    0.00528739
3.305    0.00527977
3.31    0.00527219
3.315    0.00526464
3.32    0.00525714
3.325    0.00524967
3.33    0.00524224
3.335    0.00523485
3.34    0.0052275
3.345    0.00522019
3.35    0.00521291
3.355    0.00520567
3.36    0.00519847
3.365    0.0051913
3.37    0.00518417
3.375    0.00517707
3.38    0.00517001
3.385    0.00516299
3.39    0.00515601
3.395    0.00514905
3.4    0.00514214
3.405    0.00513526
3.41    0.00512841
3.415    0.0051216
3.42    0.00511482
3.425    0.00510808
3.43    0.00510137
3.435    0.00509469
3.44    0.00508805
3.445    0.00508144
3.45    0.00507487
3.455    0.00506832
3.46    0.00506182
3.465    0.00505534
3.47    0.0050489
3.475    0.00504249
3.48    0.00503611
3.485    0.00502976
3.49    0.00502344
3.495    0.00501716
3.5    0.00501091
3.505    0.00500469
3.51    0.0049985
3.515    0.00499234
3.52    0.00498622
3.525    0.00498012
3.53    0.00497406
3.535    0.00496802
3.54    0.00496202
3.545    0.00495604
3.55    0.0049501
3.555    0.00494418
3.56    0.0049383
3.565    0.00493244
3.57    0.00492662
3.575    0.00492082
3.58    0.00491505
3.585    0.00490931
3.59    0.0049036
3.595    0.00489792
3.6    0.00489227
3.605    0.00488665
3.61    0.00488105
3.615    0.00487548
3.62    0.00486995
3.625    0.00486443
3.63    0.00485895
3.635    0.00485349
3.64    0.00484806
3.645    0.00484266
3.65    0.00483729
3.655    0.00483194
3.66    0.00482662
3.665    0.00482133
3.67    0.00481606
3.675    0.00481082
3.68    0.00480561
3.685    0.00480042
3.69    0.00479526
3.695    0.00479013
3.7    0.00478502
3.705    0.00477994
3.71    0.00477488
3.715    0.00476985
3.72    0.00476484
3.725    0.00475986
3.73    0.00475491
3.735    0.00474998
3.74    0.00474507
3.745    0.00474019
3.75    0.00473534
3.755    0.00473051
3.76    0.0047257
3.765    0.00472092
3.77    0.00471616
3.775    0.00471143
3.78    0.00470672
3.785    0.00470204
3.79    0.00469738
3.795    0.00469274
3.8    0.00468813
3.805    0.00468354
3.81    0.00467898
3.815    0.00467444
3.82    0.00466992
3.825    0.00466542
3.83    0.00466095
3.835    0.0046565
3.84    0.00465208
3.845    0.00464768
3.85    0.0046433
3.855    0.00463894
3.86    0.0046346
3.865    0.00463029
3.87    0.004626
3.875    0.00462174
3.88    0.00461749
3.885    0.00461327
3.89    0.00460907
3.895    0.00460489
3.9    0.00460073
3.905    0.0045966
3.91    0.00459248
3.915    0.00458839
3.92    0.00458432
3.925    0.00458027
3.93    0.00457624
3.935    0.00457224
3.94    0.00456825
3.945    0.00456429
3.95    0.00456034
3.955    0.00455642
3.96    0.00455252
3.965    0.00454864
3.97    0.00454478
3.975    0.00454094
3.98    0.00453712
3.985    0.00453332
3.99    0.00452954
3.995    0.00452579
