-1    0.00219301
-0.995    0.00229079
-0.99    0.00239009
-0.985    0.00249091
-0.98    0.00259328
-0.975    0.00269722
-0.97    0.00280273
-0.965    0.00290983
-0.96    0.00301854
-0.955    0.00312888
-0.95    0.00324086
-0.945    0.0033545
-0.94    0.00346981
-0.935    0.00358682
-0.93    0.00370553
-0.925    0.00382598
-0.92    0.00394816
-0.915    0.00407211
-0.91    0.00419783
-0.905    0.00432535
-0.9    0.00445468
-0.895    0.00458584
-0.89    0.00471885
-0.885    0.00485373
-0.88    0.00499049
-0.875    0.00512915
-0.87    0.00526973
-0.865    0.00541224
-0.86    0.00555671
-0.855    0.00570316
-0.85    0.0058516
-0.845    0.00600205
-0.84    0.00615453
-0.835    0.00630905
-0.83    0.00646565
-0.825    0.00662432
-0.82    0.0067851
-0.815    0.00694801
-0.81    0.00711305
-0.805    0.00728025
-0.8    0.00744963
-0.795    0.00762121
-0.79    0.00779501
-0.785    0.00797103
-0.78    0.00814932
-0.775    0.00832987
-0.77    0.00851272
-0.765    0.00869787
-0.76    0.00888536
-0.755    0.00907519
-0.75    0.00926739
-0.745    0.00946198
-0.74    0.00965897
-0.735    0.00985838
-0.73    0.0100602
-0.725    0.0102645
-0.72    0.0104713
-0.715    0.0106806
-0.71    0.0108924
-0.705    0.0111068
-0.7    0.0113236
-0.695    0.0115431
-0.69    0.0117651
-0.685    0.0119898
-0.68    0.012217
-0.675    0.0124469
-0.67    0.0126795
-0.665    0.0129147
-0.66    0.0131526
-0.655    0.0133933
-0.65    0.0136366
-0.645    0.0138827
-0.64    0.0141315
-0.635    0.0143831
-0.63    0.0146375
-0.625    0.0148947
-0.62    0.0151547
-0.615    0.0154176
-0.61    0.0156832
-0.605    0.0159518
-0.6    0.0162232
-0.595    0.0164974
-0.59    0.0167746
-0.585    0.0170547
-0.58    0.0173377
-0.575    0.0176236
-0.57    0.0179125
-0.565    0.0182043
-0.56    0.0184991
-0.555    0.0187968
-0.55    0.0190975
-0.545    0.0194012
-0.54    0.0197079
-0.535    0.0200175
-0.53    0.0203302
-0.525    0.0206459
-0.52    0.0209646
-0.515    0.0212863
-0.51    0.021611
-0.505    0.0219388
-0.5    0.0222696
-0.495    0.0226034
-0.49    0.0229402
-0.485    0.02328
-0.48    0.0236228
-0.475    0.0239687
-0.47    0.0243176
-0.465    0.0246695
-0.46    0.0250243
-0.455    0.0253822
-0.45    0.0257431
-0.445    0.0261069
-0.44    0.0264737
-0.435    0.0268434
-0.43    0.0272161
-0.425    0.0275916
-0.42    0.0279701
-0.415    0.0283515
-0.41    0.0287358
-0.405    0.0291229
-0.4    0.0295128
-0.395    0.0299055
-0.39    0.0303011
-0.385    0.0306993
-0.38    0.0311003
-0.375    0.031504
-0.37    0.0319104
-0.365    0.0323193
-0.36    0.0327309
-0.355    0.0331451
-0.35    0.0335617
-0.345    0.0339808
-0.34    0.0344024
-0.335    0.0348264
-0.33    0.0352527
-0.325    0.0356813
-0.32    0.0361122
-0.315    0.0365452
-0.31    0.0369804
-0.305    0.0374177
-0.3    0.037857
-0.295    0.0382982
-0.29    0.0387414
-0.285    0.0391863
-0.28    0.0396331
-0.275    0.0400815
-0.27    0.0405315
-0.265    0.040983
-0.26    0.041436
-0.255    0.0418903
-0.25    0.042346
-0.245    0.0428028
-0.24    0.0432607
-0.235    0.0437197
-0.23    0.0441795
-0.225    0.0446401
-0.22    0.0451015
-0.215    0.0455634
-0.21    0.0460258
-0.205    0.0464886
-0.2    0.0469516
-0.195    0.0474148
-0.19    0.0478779
-0.185    0.048341
-0.18    0.0488038
-0.175    0.0492662
-0.17    0.0497281
-0.165    0.0501893
-0.16    0.0506497
-0.155    0.0511092
-0.15    0.0515676
-0.145    0.0520246
-0.14    0.0524803
-0.135    0.0529344
-0.13    0.0533867
-0.125    0.0538371
-0.12    0.0542854
-0.115    0.0547314
-0.11    0.055175
-0.105    0.0556159
-0.1    0.0560539
-0.095    0.0564889
-0.09    0.0569207
-0.085    0.0573491
-0.08    0.0577738
-0.075    0.0581947
-0.07    0.0586115
-0.065    0.0590241
-0.06    0.0594321
-0.055    0.0598354
-0.05    0.0602338
-0.045    0.0606269
-0.04    0.0610147
-0.035    0.0613967
-0.03    0.0617729
-0.025    0.0621429
-0.02    0.0625065
-0.015    0.0628634
-0.01    0.0632134
-0.005    0.0635562
8.20524e-16    0.0638916
0.005    0.0642193
0.01    0.0645389
0.015    0.0648504
0.02    0.0651532
0.025    0.0654473
0.03    0.0657322
0.035    0.0660077
0.04    0.0662736
0.045    0.0665295
0.05    0.0667751
0.055    0.0670102
0.06    0.0672344
0.065    0.0674475
0.07    0.0676491
0.075    0.0678389
0.08    0.0680167
0.085    0.0681821
0.09    0.0683349
0.095    0.0684746
0.1    0.0686011
0.105    0.068714
0.11    0.068813
0.115    0.0688977
0.12    0.068968
0.125    0.0690234
0.13    0.0690637
0.135    0.0690886
0.14    0.0690977
0.145    0.0690908
0.15    0.0690676
0.155    0.0690277
0.16    0.068971
0.165    0.0688969
0.17    0.0688054
0.175    0.0686961
0.18    0.0685688
0.185    0.068423
0.19    0.0682587
0.195    0.0680755
0.2    0.0678731
0.205    0.0676513
0.21    0.0674099
0.215    0.0671486
0.22    0.0668671
0.225    0.0665653
0.23    0.0662429
0.235    0.0658997
0.24    0.0655355
0.245    0.0651501
0.25    0.0647433
0.255    0.064315
0.26    0.0638649
0.265    0.0633929
0.27    0.0628989
0.275    0.0623827
0.28    0.0618442
0.285    0.0612833
0.29    0.0606999
0.295    0.0600938
0.3    0.0594651
0.305    0.0588137
0.31    0.0581395
0.315    0.0574425
0.32    0.0567226
0.325    0.0559799
0.33    0.0552144
0.335    0.054426
0.34    0.0536149
0.345    0.0527812
0.35    0.0519248
0.355    0.0510459
0.36    0.0501445
0.365    0.0492209
0.37    0.0482751
0.375    0.0473074
0.38    0.0463178
0.385    0.0453067
0.39    0.0442742
0.395    0.0432205
0.4    0.042146
0.405    0.0410508
0.41    0.0399353
0.415    0.0387998
0.42    0.0376446
0.425    0.0364701
0.43    0.0352766
0.435    0.0340645
0.44    0.0328343
0.445    0.0315863
0.45    0.030321
0.455    0.0290389
0.46    0.0277404
0.465    0.0264261
0.47    0.0250964
0.475    0.0237519
0.48    0.0223931
0.485    0.0210206
0.49    0.0196351
0.495    0.018237
0.5    0.016827
0.505    0.0154058
0.51    0.0139739
0.515    0.0125321
0.52    0.0110811
0.525    0.0096214
0.53    0.00815385
0.535    0.00667912
0.54    0.00519794
0.545    0.00371105
0.55    0.00221919
0.555    0.000723104
0.56    -0.000776431
0.565    -0.00227865
0.57    -0.00378277
0.575    -0.00528801
0.58    -0.00679358
0.585    -0.00829869
0.59    -0.00980253
0.595    -0.0113043
0.6    -0.0128032
0.605    -0.0142985
0.61    -0.0157892
0.615    -0.0172747
0.62    -0.0187542
0.625    -0.0202267
0.63    -0.0216916
0.635    -0.023148
0.64    -0.0245951
0.645    -0.0260322
0.65    -0.0274585
0.655    -0.0288733
0.66    -0.0302757
0.665    -0.0316651
0.67    -0.0330406
0.675    -0.0344016
0.68    -0.0357474
0.685    -0.0370773
0.69    -0.0383906
0.695    -0.0396865
0.7    -0.0409646
0.705    -0.0422241
0.71    -0.0434643
0.715    -0.0446849
0.72    -0.045885
0.725    -0.0470642
0.73    -0.048222
0.735    -0.0493578
0.74    -0.0504711
0.745    -0.0515614
0.75    -0.0526283
0.755    -0.0536714
0.76    -0.0546902
0.765    -0.0556844
0.77    -0.0566535
0.775    -0.0575974
0.78    -0.0585155
0.785    -0.0594077
0.79    -0.0602737
0.795    -0.0611133
0.8    -0.0619262
0.805    -0.0627122
0.81    -0.0634712
0.815    -0.0642031
0.82    -0.0649077
0.825    -0.0655849
0.83    -0.0662347
0.835    -0.066857
0.84    -0.0674518
0.845    -0.0680192
0.85    -0.0685591
0.855    -0.0690716
0.86    -0.0695568
0.865    -0.0700148
0.87    -0.0704457
0.875    -0.0708497
0.88    -0.0712269
0.885    -0.0715775
0.89    -0.0719017
0.895    -0.0721997
0.9    -0.0724719
0.905    -0.0727184
0.91    -0.0729395
0.915    -0.0731355
0.92    -0.0733069
0.925    -0.0734537
0.93    -0.0735766
0.935    -0.0736757
0.94    -0.0737514
0.945    -0.0738042
0.95    -0.0738345
0.955    -0.0738426
0.96    -0.073829
0.965    -0.0737942
0.97    -0.0737384
0.975    -0.0736623
0.98    -0.0735663
0.985    -0.0734508
0.99    -0.0733162
0.995    -0.0731632
1    -0.0729921
1.005    -0.0728034
1.01    -0.0725977
1.015    -0.0723754
1.02    -0.0721371
1.025    -0.0718831
1.03    -0.071614
1.035    -0.0713304
1.04    -0.0710326
1.045    -0.0707213
1.05    -0.0703968
1.055    -0.0700597
1.06    -0.0697104
1.065    -0.0693495
1.07    -0.0689775
1.075    -0.0685947
1.08    -0.0682018
1.085    -0.067799
1.09    -0.067387
1.095    -0.0669661
1.1    -0.0665369
1.105    -0.0660997
1.11    -0.065655
1.115    -0.0652032
1.12    -0.0647447
1.125    -0.06428
1.13    -0.0638095
1.135    -0.0633335
1.14    -0.0628525
1.145    -0.0623667
1.15    -0.0618767
1.155    -0.0613828
1.16    -0.0608852
1.165    -0.0603844
1.17    -0.0598807
1.175    -0.0593744
1.18    -0.0588659
1.185    -0.0583554
1.19    -0.0578432
1.195    -0.0573297
1.2    -0.0568151
1.205    -0.0562997
1.21    -0.0557837
1.215    -0.0552674
1.22    -0.0547511
1.225    -0.0542349
1.23    -0.0537192
1.235    -0.053204
1.24    -0.0526898
1.245    -0.0521765
1.25    -0.0516645
1.255    -0.0511538
1.26    -0.0506448
1.265    -0.0501375
1.27    -0.0496321
1.275    -0.0491288
1.28    -0.0486277
1.285    -0.0481289
1.29    -0.0476326
1.295    -0.047139
1.3    -0.046648
1.305    -0.0461599
1.31    -0.0456747
1.315    -0.0451925
1.32    -0.0447135
1.325    -0.0442376
1.33    -0.0437651
1.335    -0.0432959
1.34    -0.0428301
1.345    -0.0423679
1.35    -0.0419092
1.355    -0.0414541
1.36    -0.0410027
1.365    -0.040555
1.37    -0.040111
1.375    -0.0396708
1.38    -0.0392344
1.385    -0.0388019
1.39    -0.0383732
1.395    -0.0379485
1.4    -0.0375276
1.405    -0.0371107
1.41    -0.0366977
1.415    -0.0362887
1.42    -0.0358836
1.425    -0.0354825
1.43    -0.0350853
1.435    -0.0346922
1.44    -0.0343029
1.445    -0.0339176
1.45    -0.0335363
1.455    -0.0331589
1.46    -0.0327855
1.465    -0.0324159
1.47    -0.0320502
1.475    -0.0316885
1.48    -0.0313306
1.485    -0.0309765
1.49    -0.0306263
1.495    -0.0302799
1.5    -0.0299373
1.505    -0.0295984
1.51    -0.0292633
1.515    -0.0289319
1.52    -0.0286042
1.525    -0.0282802
1.53    -0.0279598
1.535    -0.027643
1.54    -0.0273297
1.545    -0.0270201
1.55    -0.026714
1.555    -0.0264113
1.56    -0.0261121
1.565    -0.0258164
1.57    -0.0255241
1.575    -0.0252351
1.58    -0.0249495
1.585    -0.0246672
1.59    -0.0243882
1.595    -0.0241124
1.6    -0.0238399
1.605    -0.0235705
1.61    -0.0233043
1.615    -0.0230413
1.62    -0.0227813
1.625    -0.0225244
1.63    -0.0222705
1.635    -0.0220196
1.64    -0.0217717
1.645    -0.0215267
1.65    -0.0212847
1.655    -0.0210455
1.66    -0.0208091
1.665    -0.0205756
1.67    -0.0203449
1.675    -0.0201169
1.68    -0.0198916
1.685    -0.019669
1.69    -0.0194491
1.695    -0.0192319
1.7    -0.0190172
1.705    -0.0188051
1.71    -0.0185956
1.715    -0.0183886
1.72    -0.0181841
1.725    -0.017982
1.73    -0.0177824
1.735    -0.0175852
1.74    -0.0173904
1.745    -0.0171979
1.75    -0.0170078
1.755    -0.0168199
1.76    -0.0166344
1.765    -0.0164511
1.77    -0.01627
1.775    -0.0160911
1.78    -0.0159144
1.785    -0.0157398
1.79    -0.0155673
1.795    -0.015397
1.8    -0.0152287
1.805    -0.0150625
1.81    -0.0148983
1.815    -0.0147361
1.82    -0.0145759
1.825    -0.0144176
1.83    -0.0142612
1.835    -0.0141068
1.84    -0.0139543
1.845    -0.0138036
1.85    -0.0136548
1.855    -0.0135077
1.86    -0.0133625
1.865    -0.0132191
1.87    -0.0130774
1.875    -0.0129375
1.88    -0.0127992
1.885    -0.0126627
1.89    -0.0125279
1.895    -0.0123947
1.9    -0.0122631
1.905    -0.0121331
1.91    -0.0120048
1.915    -0.011878
1.92    -0.0117528
1.925    -0.0116291
1.93    -0.0115069
1.935    -0.0113862
1.94    -0.0112671
1.945    -0.0111494
1.95    -0.0110331
1.955    -0.0109183
1.96    -0.0108048
1.965    -0.0106928
1.97    -0.0105822
1.975    -0.0104729
1.98    -0.0103649
1.985    -0.0102583
1.99    -0.010153
1.995    -0.010049
2    -0.00994628
2.005    -0.00984482
2.01    -0.00974461
2.015    -0.00964563
2.02    -0.00954787
2.025    -0.00945131
2.03    -0.00935594
2.035    -0.00926175
2.04    -0.00916871
2.045    -0.00907682
2.05    -0.00898606
2.055    -0.00889641
2.06    -0.00880787
2.065    -0.00872041
2.07    -0.00863403
2.075    -0.00854871
2.08    -0.00846444
2.085    -0.0083812
2.09    -0.00829898
2.095    -0.00821778
2.1    -0.00813756
2.105    -0.00805833
2.11    -0.00798007
2.115    -0.00790277
2.12    -0.00782642
2.125    -0.007751
2.13    -0.0076765
2.135    -0.00760292
2.14    -0.00753023
2.145    -0.00745843
2.15    -0.0073875
2.155    -0.00731745
2.16    -0.00724824
2.165    -0.00717988
2.17    -0.00711235
2.175    -0.00704564
2.18    -0.00697974
2.185    -0.00691464
2.19    -0.00685033
2.195    -0.0067868
2.2    -0.00672404
2.205    -0.00666204
2.21    -0.00660079
2.215    -0.00654028
2.22    -0.0064805
2.225    -0.00642144
2.23    -0.0063631
2.235    -0.00630545
2.24    -0.0062485
2.245    -0.00619223
2.25    -0.00613664
2.255    -0.00608171
2.26    -0.00602745
2.265    -0.00597383
2.27    -0.00592085
2.275    -0.0058685
2.28    -0.00581678
2.285    -0.00576567
2.29    -0.00571517
2.295    -0.00566527
2.3    -0.00561597
2.305    -0.00556724
2.31    -0.00551909
2.315    -0.00547151
2.32    -0.0054245
2.325    -0.00537803
2.33    -0.00533211
2.335    -0.00528673
2.34    -0.00524189
2.345    -0.00519757
2.35    -0.00515376
2.355    -0.00511047
2.36    -0.00506768
2.365    -0.00502539
2.37    -0.00498359
2.375    -0.00494228
2.38    -0.00490144
2.385    -0.00486108
2.39    -0.00482118
2.395    -0.00478174
2.4    -0.00474275
2.405    -0.00470421
2.41    -0.00466611
2.415    -0.00462845
2.42    -0.00459122
2.425    -0.00455441
2.43    -0.00451802
2.435    -0.00448204
2.44    -0.00444647
2.445    -0.0044113
2.45    -0.00437653
2.455    -0.00434215
2.46    -0.00430815
2.465    -0.00427454
2.47    -0.0042413
2.475    -0.00420843
2.48    -0.00417593
2.485    -0.00414379
2.49    -0.00411201
2.495    -0.00408057
2.5    -0.00404949
2.505    -0.00401874
2.51    -0.00398833
2.515    -0.00395826
2.52    -0.00392851
2.525    -0.00389909
2.53    -0.00386999
2.535    -0.00384121
2.54    -0.00381273
2.545    -0.00378456
2.55    -0.0037567
2.555    -0.00372914
2.56    -0.00370187
2.565    -0.00367489
2.57    -0.0036482
2.575    -0.00362179
2.58    -0.00359566
2.585    -0.00356981
2.59    -0.00354423
2.595    -0.00351893
2.6    -0.00349388
2.605    -0.0034691
2.61    -0.00344457
2.615    -0.0034203
2.62    -0.00339629
2.625    -0.00337252
2.63    -0.00334899
2.635    -0.00332571
2.64    -0.00330266
2.645    -0.00327986
2.65    -0.00325728
2.655    -0.00323493
2.66    -0.00321281
2.665    -0.00319091
2.67    -0.00316923
2.675    -0.00314777
2.68    -0.00312653
2.685    -0.00310549
2.69    -0.00308467
2.695    -0.00306405
2.7    -0.00304363
2.705    -0.00302342
2.71    -0.0030034
2.715    -0.00298358
2.72    -0.00296395
2.725    -0.00294451
2.73    -0.00292526
2.735    -0.0029062
2.74    -0.00288732
2.745    -0.00286862
2.75    -0.00285009
2.755    -0.00283175
2.76    -0.00281358
2.765    -0.00279558
2.77    -0.00277775
2.775    -0.00276008
2.78    -0.00274259
2.785    -0.00272525
2.79    -0.00270808
2.795    -0.00269106
2.8    -0.0026742
2.805    -0.0026575
2.81    -0.00264095
2.815    -0.00262455
2.82    -0.0026083
2.825    -0.00259219
2.83    -0.00257623
2.835    -0.00256042
2.84    -0.00254474
2.845    -0.00252921
2.85    -0.00251381
2.855    -0.00249855
2.86    -0.00248342
2.865    -0.00246843
2.87    -0.00245357
2.875    -0.00243883
2.88    -0.00242423
2.885    -0.00240975
2.89    -0.00239539
2.895    -0.00238116
2.9    -0.00236705
2.905    -0.00235306
2.91    -0.00233919
2.915    -0.00232544
2.92    -0.0023118
2.925    -0.00229827
2.93    -0.00228486
2.935    -0.00227156
2.94    -0.00225837
2.945    -0.00224529
2.95    -0.00223231
2.955    -0.00221944
2.96    -0.00220668
2.965    -0.00219402
2.97    -0.00218146
2.975    -0.002169
2.98    -0.00215664
2.985    -0.00214439
2.99    -0.00213222
2.995    -0.00212016
3    -0.00210819
3.005    -0.00209631
3.01    -0.00208452
3.015    -0.00207283
3.02    -0.00206123
3.025    -0.00204971
3.03    -0.00203829
3.035    -0.00202695
3.04    -0.0020157
3.045    -0.00200453
3.05    -0.00199345
3.055    -0.00198245
3.06    -0.00197154
3.065    -0.0019607
3.07    -0.00194995
3.075    -0.00193927
3.08    -0.00192868
3.085    -0.00191816
3.09    -0.00190771
3.095    -0.00189735
3.1    -0.00188706
3.105    -0.00187684
3.11    -0.00186669
3.115    -0.00185662
3.12    -0.00184662
3.125    -0.00183669
3.13    -0.00182683
3.135    -0.00181704
3.14    -0.00180732
3.145    -0.00179766
3.15    -0.00178807
3.155    -0.00177855
3.16    -0.0017691
3.165    -0.0017597
3.17    -0.00175038
3.175    -0.00174111
3.18    -0.00173191
3.185    -0.00172277
3.19    -0.00171369
3.195    -0.00170467
3.2    -0.00169571
3.205    -0.00168681
3.21    -0.00167797
3.215    -0.00166918
3.22    -0.00166046
3.225    -0.00165179
3.23    -0.00164317
3.235    -0.00163461
3.24    -0.00162611
3.245    -0.00161766
3.25    -0.00160926
3.255    -0.00160092
3.26    -0.00159263
3.265    -0.00158439
3.27    -0.0015762
3.275    -0.00156807
3.28    -0.00155998
3.285    -0.00155195
3.29    -0.00154396
3.295    -0.00153602
3.3    -0.00152813
3.305    -0.00152029
3.31    -0.0015125
3.315    -0.00150475
3.32    -0.00149705
3.325    -0.00148939
3.33    -0.00148178
3.335    -0.00147422
3.34    -0.0014667
3.345    -0.00145922
3.35    -0.00145179
3.355    -0.0014444
3.36    -0.00143705
3.365    -0.00142975
3.37    -0.00142249
3.375    -0.00141527
3.38    -0.00140809
3.385    -0.00140095
3.39    -0.00139385
3.395    -0.00138679
3.4    -0.00137977
3.405    -0.00137279
3.41    -0.00136585
3.415    -0.00135895
3.42    -0.00135208
3.425    -0.00134526
3.43    -0.00133847
3.435    -0.00133171
3.44    -0.001325
3.445    -0.00131832
3.45    -0.00131168
3.455    -0.00130507
3.46    -0.0012985
3.465    -0.00129196
3.47    -0.00128546
3.475    -0.00127899
3.48    -0.00127255
3.485    -0.00126615
3.49    -0.00125979
3.495    -0.00125345
3.5    -0.00124715
3.505    -0.00124088
3.51    -0.00123465
3.515    -0.00122844
3.52    -0.00122227
3.525    -0.00121613
3.53    -0.00121002
3.535    -0.00120394
3.54    -0.00119789
3.545    -0.00119188
3.55    -0.00118589
3.555    -0.00117993
3.56    -0.001174
3.565    -0.00116811
3.57    -0.00116224
3.575    -0.0011564
3.58    -0.00115058
3.585    -0.0011448
3.59    -0.00113905
3.595    -0.00113332
3.6    -0.00112762
3.605    -0.00112195
3.61    -0.0011163
3.615    -0.00111068
3.62    -0.00110509
3.625    -0.00109953
3.63    -0.00109399
3.635    -0.00108848
3.64    -0.00108299
3.645    -0.00107753
3.65    -0.0010721
3.655    -0.00106669
3.66    -0.00106131
3.665    -0.00105595
3.67    -0.00105062
3.675    -0.00104531
3.68    -0.00104002
3.685    -0.00103476
3.69    -0.00102952
3.695    -0.00102431
3.7    -0.00101912
3.705    -0.00101396
3.71    -0.00100882
3.715    -0.0010037
3.72    -0.000998602
3.725    -0.000993529
3.73    -0.000988479
3.735    -0.000983452
3.74    -0.000978447
3.745    -0.000973464
3.75    -0.000968503
3.755    -0.000963564
3.76    -0.000958647
3.765    -0.000953751
3.77    -0.000948877
3.775    -0.000944024
3.78    -0.000939192
3.785    -0.000934381
3.79    -0.000929591
3.795    -0.000924822
3.8    -0.000920073
3.805    -0.000915345
3.81    -0.000910637
3.815    -0.000905949
3.82    -0.000901281
3.825    -0.000896634
3.83    -0.000892006
3.835    -0.000887397
3.84    -0.000882808
3.845    -0.000878238
3.85    -0.000873688
3.855    -0.000869157
3.86    -0.000864645
3.865    -0.000860151
3.87    -0.000855677
3.875    -0.000851221
3.88    -0.000846784
3.885    -0.000842365
3.89    -0.000837964
3.895    -0.000833582
3.9    -0.000829217
3.905    -0.000824871
3.91    -0.000820542
3.915    -0.000816232
3.92    -0.000811938
3.925    -0.000807663
3.93    -0.000803404
3.935    -0.000799164
3.94    -0.00079494
3.945    -0.000790733
3.95    -0.000786544
3.955    -0.000782371
3.96    -0.000778216
3.965    -0.000774076
3.97    -0.000769954
3.975    -0.000765848
3.98    -0.000761759
3.985    -0.000757686
3.99    -0.000753629
3.995    -0.000749588
